<meta>

    Title = Atlantic herring 011- frozen Straightened Smoothed
    Fish_Length =  222.00
    Fish_Mass =  -99.00
    nsb =  1
    Bladder_Type =  0
    Rotated =  s-lfb
    Smoothed[lfb,dfb,lsb,dsb] =  13, 13,  9,  9
    Images = L:\fishdat\aherr\atlantic_herring_011-fb-lateral.png,L:\fishdat\aherr\atlantic_herring_011-fb-dorsal.png,L:\fishdat\aherr\atlantic_herring_011-sb-lateral.png,L:\fishdat\aherr\atlantic_herring_011-sb-dorsal.png
    Preparer = B. Bell and M. Jech from frozen herring - frozen Sept. 2000

    straighten lfb, smooth lfb, dfb, lsb, dsb

    File created: Wed Jul 31 12:30:26 2002

</meta>
       x       z-upper   z-lower   width      stbd      port
smoothed dorsal fishbody
     222
      0.00      0.00      0.00      0.00
      1.00      1.97     -2.15      3.91
      2.00      2.62     -2.82      5.16
      3.00      3.30     -3.51      6.45
      4.00      3.98     -4.19      7.73
      5.00      4.64     -4.87      8.97
      6.00      5.28     -5.55     10.12
      7.00      5.87     -6.22     11.17
      8.00      6.41     -6.87     12.08
      9.00      6.91     -7.52     12.92
     10.00      7.40     -8.17     13.71
     11.00      7.87     -8.81     14.47
     12.00      8.32     -9.45     15.20
     13.00      8.76    -10.06     15.92
     14.00      9.19    -10.61     16.63
     15.00      9.61    -11.12     17.34
     16.00     10.02    -11.57     18.02
     17.00     10.43    -11.98     18.67
     18.00     10.83    -12.35     19.28
     19.00     11.23    -12.69     19.87
     20.00     11.64    -13.01     20.41
     21.00     12.04    -13.32     20.92
     22.00     12.43    -13.61     21.40
     23.00     12.80    -13.91     21.86
     24.00     13.16    -14.20     22.30
     25.00     13.49    -14.48     22.73
     26.00     13.81    -14.77     23.14
     27.00     14.11    -15.04     23.53
     28.00     14.38    -15.32     23.91
     29.00     14.63    -15.58     24.27
     30.00     14.87    -15.85     24.61
     31.00     15.10    -16.10     24.94
     32.00     15.32    -16.36     25.23
     33.00     15.54    -16.60     25.51
     34.00     15.78    -16.83     25.76
     35.00     16.04    -17.04     26.01
     36.00     16.31    -17.24     26.24
     37.00     16.61    -17.44     26.47
     38.00     16.92    -17.62     26.70
     39.00     17.24    -17.80     26.93
     40.00     17.57    -17.99     27.17
     41.00     17.88    -18.18     27.42
     42.00     18.17    -18.38     27.66
     43.00     18.46    -18.60     27.91
     44.00     18.73    -18.83     28.14
     45.00     18.99    -19.07     28.36
     46.00     19.23    -19.33     28.55
     47.00     19.47    -19.59     28.72
     48.00     19.71    -19.84     28.86
     49.00     19.93    -20.09     28.95
     50.00     20.14    -20.33     28.99
     51.00     20.35    -20.56     29.00
     52.00     20.55    -20.77     28.98
     53.00     20.74    -20.98     28.93
     54.00     20.92    -21.18     28.87
     55.00     21.09    -21.37     28.81
     56.00     21.25    -21.55     28.74
     57.00     21.41    -21.73     28.67
     58.00     21.56    -21.90     28.60
     59.00     21.70    -22.07     28.53
     60.00     21.83    -22.24     28.44
     61.00     21.97    -22.42     28.35
     62.00     22.10    -22.61     28.26
     63.00     22.23    -22.82     28.17
     64.00     22.37    -23.04     28.08
     65.00     22.51    -23.29     28.00
     66.00     22.66    -23.54     27.92
     67.00     22.81    -23.79     27.85
     68.00     22.96    -24.02     27.78
     69.00     23.10    -24.24     27.71
     70.00     23.24    -24.44     27.64
     71.00     23.37    -24.60     27.57
     72.00     23.49    -24.74     27.50
     73.00     23.59    -24.85     27.44
     74.00     23.67    -24.95     27.37
     75.00     23.75    -25.03     27.29
     76.00     23.81    -25.10     27.22
     77.00     23.87    -25.16     27.15
     78.00     23.91    -25.21     27.09
     79.00     23.95    -25.26     27.03
     80.00     23.98    -25.29     26.97
     81.00     24.00    -25.32     26.92
     82.00     24.02    -25.34     26.88
     83.00     24.04    -25.36     26.85
     84.00     24.05    -25.36     26.81
     85.00     24.07    -25.36     26.75
     86.00     24.08    -25.36     26.70
     87.00     24.10    -25.35     26.63
     88.00     24.12    -25.34     26.56
     89.00     24.15    -25.33     26.48
     90.00     24.18    -25.32     26.40
     91.00     24.21    -25.31     26.32
     92.00     24.24    -25.31     26.23
     93.00     24.26    -25.31     26.14
     94.00     24.29    -25.30     26.03
     95.00     24.30    -25.30     25.91
     96.00     24.30    -25.29     25.78
     97.00     24.28    -25.28     25.64
     98.00     24.26    -25.26     25.49
     99.00     24.24    -25.24     25.34
    100.00     24.21    -25.22     25.19
    101.00     24.18    -25.21     25.05
    102.00     24.15    -25.20     24.92
    103.00     24.13    -25.19     24.81
    104.00     24.12    -25.18     24.71
    105.00     24.12    -25.19     24.63
    106.00     24.11    -25.19     24.56
    107.00     24.11    -25.19     24.50
    108.00     24.10    -25.18     24.45
    109.00     24.10    -25.16     24.41
    110.00     24.09    -25.13     24.38
    111.00     24.07    -25.09     24.34
    112.00     24.04    -25.05     24.30
    113.00     23.99    -24.99     24.25
    114.00     23.94    -24.92     24.18
    115.00     23.87    -24.83     24.10
    116.00     23.79    -24.73     24.01
    117.00     23.69    -24.61     23.91
    118.00     23.58    -24.48     23.81
    119.00     23.46    -24.34     23.70
    120.00     23.33    -24.19     23.61
    121.00     23.20    -24.05     23.53
    122.00     23.06    -23.92     23.45
    123.00     22.92    -23.80     23.37
    124.00     22.79    -23.69     23.29
    125.00     22.66    -23.60     23.20
    126.00     22.53    -23.50     23.09
    127.00     22.40    -23.41     22.97
    128.00     22.29    -23.31     22.82
    129.00     22.17    -23.21     22.67
    130.00     22.06    -23.10     22.51
    131.00     21.95    -22.98     22.35
    132.00     21.84    -22.87     22.19
    133.00     21.72    -22.74     22.04
    134.00     21.59    -22.62     21.89
    135.00     21.46    -22.48     21.75
    136.00     21.33    -22.34     21.61
    137.00     21.19    -22.17     21.46
    138.00     21.05    -21.98     21.30
    139.00     20.91    -21.79     21.12
    140.00     20.76    -21.58     20.91
    141.00     20.62    -21.38     20.67
    142.00     20.47    -21.17     20.40
    143.00     20.32    -20.97     20.12
    144.00     20.17    -20.78     19.82
    145.00     20.00    -20.59     19.52
    146.00     19.83    -20.41     19.21
    147.00     19.65    -20.22     18.91
    148.00     19.47    -20.02     18.61
    149.00     19.28    -19.82     18.34
    150.00     19.07    -19.62     18.07
    151.00     18.86    -19.41     17.83
    152.00     18.64    -19.19     17.62
    153.00     18.42    -18.98     17.44
    154.00     18.19    -18.77     17.27
    155.00     17.95    -18.56     17.12
    156.00     17.73    -18.36     16.99
    157.00     17.51    -18.16     16.86
    158.00     17.30    -17.97     16.74
    159.00     17.10    -17.77     16.62
    160.00     16.90    -17.58     16.51
    161.00     16.71    -17.37     16.41
    162.00     16.52    -17.16     16.33
    163.00     16.32    -16.94     16.26
    164.00     16.10    -16.72     16.19
    165.00     15.88    -16.49     16.12
    166.00     15.64    -16.25     16.04
    167.00     15.40    -16.02     15.93
    168.00     15.14    -15.77     15.81
    169.00     14.87    -15.52     15.65
    170.00     14.60    -15.26     15.48
    171.00     14.33    -14.99     15.31
    172.00     14.04    -14.71     15.14
    173.00     13.75    -14.42     14.99
    174.00     13.46    -14.12     14.86
    175.00     13.15    -13.80     14.73
    176.00     12.85    -13.48     14.62
    177.00     12.55    -13.16     14.49
    178.00     12.25    -12.83     14.35
    179.00     11.97    -12.51     14.18
    180.00     11.70    -12.20     13.99
    181.00     11.44    -11.90     13.77
    182.00     11.21    -11.62     13.54
    183.00     11.00    -11.35     13.31
    184.00     10.81    -11.11     13.09
    185.00     10.64    -10.88     12.88
    186.00     10.49    -10.68     12.68
    187.00     10.35    -10.50     12.50
    188.00     10.22    -10.34     12.33
    189.00     10.10    -10.20     12.15
    190.00      9.96    -10.07     11.98
    191.00      9.82     -9.94     11.80
    192.00      9.68     -9.83     11.62
    193.00      9.53     -9.72     11.43
    194.00      9.37     -9.61     11.24
    195.00      9.21     -9.50     11.04
    196.00      9.04     -9.39     10.85
    197.00      8.87     -9.29     10.66
    198.00      8.70     -9.20     10.46
    199.00      8.54     -9.12     10.25
    200.00      8.38     -9.07     10.03
    201.00      8.23     -9.05      9.80
    202.00      8.09     -9.06      9.56
    203.00      7.95     -9.10      9.29
    204.00      7.83     -9.15      8.99
    205.00      7.72     -9.20      8.69
    206.00      7.62     -9.25      8.37
    207.00      7.53     -9.29      8.02
    208.00      7.45     -9.29      7.64
    209.00      7.39     -9.27      7.25
    210.00      7.34     -9.21      6.86
    211.00      7.30     -9.14      6.46
    212.00      7.27     -9.03      6.06
    213.00      7.24     -8.89      5.67
    214.00      7.19     -8.71      5.31
    215.00      7.10     -8.45      4.96
    216.00      6.86     -8.02      4.57
    217.00      6.48     -7.44      4.14
    218.00      5.95     -6.70      3.68
    219.00      5.28     -5.84      3.19
    220.00      4.48     -4.87      2.67
    221.00      3.56     -3.81      2.11
    222.00      0.02      0.02      0.00
smoothed dorsal swimbladder 0
      67
     67.00      3.90      3.90      0.00
     68.00      4.37      3.47      1.26
     69.00      4.48      3.18      1.77
     70.00      4.57      2.86      2.26
     71.00      4.65      2.52      2.70
     72.00      4.70      2.19      3.09
     73.00      4.72      1.88      3.41
     74.00      4.70      1.59      3.71
     75.00      4.64      1.33      4.03
     76.00      4.55      1.07      4.35
     77.00      4.43      0.81      4.67
     78.00      4.30      0.54      4.95
     79.00      4.17      0.27      5.18
     80.00      4.05     -0.01      5.37
     81.00      3.94     -0.30      5.51
     82.00      3.84     -0.58      5.63
     83.00      3.75     -0.86      5.72
     84.00      3.67     -1.12      5.81
     85.00      3.58     -1.38      5.89
     86.00      3.46     -1.66      5.94
     87.00      3.32     -1.94      5.99
     88.00      3.16     -2.23      6.02
     89.00      2.98     -2.53      6.05
     90.00      2.81     -2.83      6.07
     91.00      2.65     -3.11      6.10
     92.00      2.50     -3.37      6.11
     93.00      2.35     -3.61      6.11
     94.00      2.22     -3.82      6.09
     95.00      2.09     -4.00      6.05
     96.00      1.98     -4.14      6.01
     97.00      1.88     -4.25      5.95
     98.00      1.80     -4.33      5.89
     99.00      1.73     -4.39      5.82
    100.00      1.67     -4.43      5.76
    101.00      1.63     -4.46      5.69
    102.00      1.62     -4.49      5.63
    103.00      1.63     -4.51      5.57
    104.00      1.65     -4.53      5.52
    105.00      1.66     -4.55      5.46
    106.00      1.62     -4.57      5.41
    107.00      1.52     -4.59      5.36
    108.00      1.36     -4.61      5.32
    109.00      1.15     -4.64      5.30
    110.00      0.91     -4.67      5.32
    111.00      0.67     -4.69      5.35
    112.00      0.43     -4.71      5.42
    113.00      0.21     -4.72      5.50
    114.00      0.01     -4.72      5.60
    115.00     -0.17     -4.74      5.71
    116.00     -0.32     -4.75      5.81
    117.00     -0.45     -4.78      5.91
    118.00     -0.58     -4.80      6.01
    119.00     -0.72     -4.82      6.10
    120.00     -0.85     -4.81      6.20
    121.00     -0.99     -4.79      6.31
    122.00     -1.13     -4.75      6.42
    123.00     -1.28     -4.69      6.54
    124.00     -1.42     -4.64      6.65
    125.00     -1.55     -4.58      6.72
    126.00     -1.68     -4.51      6.73
    127.00     -1.79     -4.44      6.67
    128.00     -1.90     -4.35      6.50
    129.00     -2.02     -4.24      6.18
    130.00     -2.15     -4.09      5.61
    131.00     -2.29     -3.92      4.82
    132.00     -2.45     -3.73      3.86
    133.00     -2.61     -3.52      2.79
    134.00     -2.98     -2.98      0.00
