"Chinook Salmon, Kenai River, Oct. 1998"
"total fish length mm =" 775
"fish mass g =" 00
"number of swimbladder chambers=" 1
"x,   z-upper,   z-lower,   width"
"fish body"
         775
      0.00000      0.00000      0.00000      0.00000
      1.00000      4.18343     -7.29432      11.7958
      2.00000      6.14364     -11.5189      19.5810
      3.00000      7.00664     -13.5613      24.6138
      4.00000      8.04223     -15.4023      28.6244
      5.00000      9.25042     -17.2721      32.0059
      6.00000      10.2572     -18.5091      35.9378
      7.00000      10.8613     -19.3145      40.4988
      8.00000      11.2640     -20.1200      44.4307
      9.00000      11.8969     -20.9254      47.7336
      10.0000      12.7599     -21.7597      50.4859
      11.0000      13.3928     -22.4213      53.8674
      12.0000      13.9969     -22.8528      58.9789
      13.0000      14.8023     -23.4569      62.9108
      14.0000      15.4064     -24.2623      65.6631
      15.0000      16.0105     -25.0678      70.1455
      16.0000      16.6146     -25.8732      74.7065
      17.0000      17.0173     -26.4773      77.5376
      18.0000      17.6502     -26.8801      80.3686
      19.0000      18.3118     -27.2828      83.8287
      20.0000      18.7433     -27.7143      87.7606
      21.0000      19.1460     -28.1746      91.6138
      22.0000      19.3474     -28.6060      94.9167
      23.0000      19.7501     -29.2101      98.2195
      24.0000      20.5556     -30.0156      100.972
      25.0000      20.9583     -30.8211      103.724
      26.0000      21.1597     -31.4252      107.735
      27.0000      21.5624     -31.8279      111.903
      28.0000      21.7638     -32.4320      114.812
      29.0000      21.7638     -33.0361      117.565
      30.0000      21.7638     -33.4676      121.418
      31.0000      21.7638     -34.1292      124.721
      32.0000      21.9651     -34.9634      126.372
      33.0000      22.3679     -35.7689      128.023
      34.0000      22.5692     -36.5743      130.776
      35.0000      22.5692     -37.3798      133.528
      36.0000      22.7706     -38.1852      135.730
      37.0000      23.1733     -39.0194      137.932
      38.0000      23.3747     -39.8824      140.291
      39.0000      23.3747     -40.7167      143.358
      40.0000      23.3747     -41.3208      146.268
      41.0000      23.3747     -41.5221      147.919
      42.0000      23.3747     -41.7235      149.570
      43.0000      23.6048     -42.3276      152.323
      44.0000      24.0651     -43.3344      155.075
      45.0000      24.4966     -44.3412      157.277
      46.0000      24.8993     -44.9741      159.479
      47.0000      25.1007     -45.6357      161.681
      48.0000      25.1007     -46.2686      163.883
      49.0000      25.1007     -46.6713      165.534
      50.0000      25.1007     -47.2754      167.264
      51.0000      25.3020     -47.8795      169.623
      52.0000      25.7047     -48.4836      171.904
      53.0000      25.9061     -49.2890      174.106
      54.0000      25.9061     -49.8931      175.757
      55.0000      25.9061     -50.5260      177.487
      56.0000      25.9061     -51.1876      179.296
      57.0000      25.9061     -51.6191      181.026
      58.0000      26.1075     -52.0218      183.778
      59.0000      26.5102     -52.4246      185.980
      60.0000      26.7116     -52.8273      187.081
      61.0000      26.7116     -53.2300      188.182
      62.0000      26.9129     -53.8341      189.283
      63.0000      27.3157     -54.6396      191.563
      64.0000      27.5170     -55.4450      194.473
      65.0000      27.7184     -56.0491      195.653
      66.0000      28.1211     -56.4518      196.203
      67.0000      28.3225     -57.0847      197.854
      68.0000      28.3225     -57.7463      200.056
      69.0000      28.3225     -58.1778      201.708
      70.0000      28.5526     -58.7819      202.809
      71.0000      29.0129     -59.3860      204.460
      72.0000      29.4444     -59.7887      206.662
      73.0000      29.8471     -60.3928      208.313
      74.0000      30.0485     -61.1983      208.864
      75.0000      30.0485     -61.8024      209.414
      76.0000      30.0485     -62.2051      211.066
      77.0000      30.2498     -62.6078      212.717
      78.0000      30.6526     -63.0393      213.268
      79.0000      30.8539     -63.7009      214.447
      80.0000      31.0553     -64.3338      217.357
      81.0000      31.4580     -64.7365      220.188
      82.0000      31.6594     -65.3406      221.839
      83.0000      31.8607     -65.9447      222.390
      84.0000      32.2635     -66.3474      222.940
      85.0000      32.4648     -66.7502      224.592
      86.0000      32.6662     -67.1529      226.872
      87.0000      33.0689     -67.5556      228.681
      88.0000      33.2703     -67.9584      229.310
      89.0000      33.2703     -68.3611      230.411
      90.0000      33.4717     -68.7926      232.613
      91.0000      34.1045     -69.2528      233.714
      92.0000      34.7661     -69.6843      233.714
      93.0000      34.9963     -70.0871      234.264
      94.0000      34.9963     -70.4898      235.915
      95.0000      34.9963     -70.8925      237.567
      96.0000      35.1976     -71.0939      238.668
      97.0000      35.6004     -71.2953      239.769
      98.0000      35.8017     -71.6980      240.870
      99.0000      36.0031     -71.8993      241.971
      100.000      36.4058     -72.1007      243.150
      101.000      36.6072     -72.5034      244.409
      102.000      36.8085     -72.7048      245.038
      103.000      37.2113     -72.9062      245.588
      104.000      37.4126     -73.3089      247.239
      105.000      37.6140     -73.5103      248.891
      106.000      38.0167     -73.7116      249.992
      107.000      38.2181     -74.1143      251.643
      108.000      38.2181     -74.3157      253.295
      109.000      38.2181     -74.3157      253.845
      110.000      38.4194     -74.5458      254.396
      111.000      39.0235     -75.0061      256.047
      112.000      39.6276     -75.2362      257.698
      113.000      39.8290     -75.4376      258.799
      114.000      39.8290     -75.8403      259.900
      115.000      39.8290     -76.0417      261.080
      116.000      40.0591     -76.0417      262.889
      117.000      40.5194     -76.0417      264.619
      118.000      40.7495     -76.0417      265.720
      119.000      40.7495     -76.2431      266.820
      120.000      40.9509     -76.6458      267.371
      121.000      41.3536     -76.8472      267.921
      122.000      41.5550     -77.0485      269.573
      123.000      41.7564     -77.4512      271.224
      124.000      42.1591     -77.6526      272.325
      125.000      42.5618     -77.6526      274.055
      126.000      42.9645     -77.6526      275.864
      127.000      43.1659     -77.8540      276.493
      128.000      43.3673     -78.2567      277.043
      129.000      43.7700     -78.4581      278.144
      130.000      44.1727     -78.6594      279.245
      131.000      44.5754     -79.0622      280.897
      132.000      44.7768     -79.4649      282.548
      133.000      45.0069     -80.0690      283.649
      134.000      45.4672     -80.6731      284.750
      135.000      45.6973     -81.1046      285.301
      136.000      45.6973     -81.5648      285.851
      137.000      45.8987     -81.9963      286.952
      138.000      46.3014     -82.3990      287.502
      139.000      46.5028     -82.8018      287.502
      140.000      46.7041     -83.4059      288.053
      141.000      47.1069     -84.0100      289.704
      142.000      47.3082     -84.4127      291.356
      143.000      47.5096     -84.8154      291.906
      144.000      47.9123     -85.0168      291.906
      145.000      48.1137     -85.2182      292.535
      146.000      48.1137     -85.6209      293.793
      147.000      48.1137     -85.8222      294.973
      148.000      48.1137     -86.0236      296.074
      149.000      48.3151     -86.6565      296.624
      150.000      48.7178     -87.3181      296.624
      151.000      48.9192     -87.5482      297.175
      152.000      49.1205     -87.7496      298.276
      153.000      49.5232     -88.1523      298.826
      154.000      49.7246     -88.3537      299.377
      155.000      49.7246     -88.5550      300.478
      156.000      49.7246     -88.9578      301.028
      157.000      49.7246     -89.1591      301.657
      158.000      49.9260     -89.1591      302.915
      159.000      50.3287     -89.3605      303.545
      160.000      50.5301     -89.9646      303.545
      161.000      50.5301     -90.5687      304.646
      162.000      50.5301     -90.9714      306.847
      163.000      50.7602     -91.3741      307.948
      164.000      51.2205     -91.5755      307.948
      165.000      51.4506     -91.7769      307.948
      166.000      51.4506     -92.1796      307.948
      167.000      51.4506     -92.3810      307.948
      168.000      51.4506     -92.3810      307.948
      169.000      51.6520     -92.6111      307.948
      170.000      52.0547     -93.0714      308.499
      171.000      52.4574     -93.5028      309.600
      172.000      52.8601     -93.9056      310.701
      173.000      53.0615     -94.1069      311.802
      174.000      53.0615     -94.1069      312.352
      175.000      53.0615     -94.3083      312.352
      176.000      53.2629     -94.7110      312.352
      177.000      53.6656     -95.1138      312.352
      178.000      54.0683     -95.5165      312.903
      179.000      54.4711     -95.7178      314.004
      180.000      54.6724     -95.7178      314.554
      181.000      54.6724     -95.7178      314.554
      182.000      54.6724     -95.9192      314.554
      183.000      54.6724     -96.3219      314.554
      184.000      54.8738     -96.7247      314.554
      185.000      55.2765     -97.1274      314.554
      186.000      55.4779     -97.3288      315.104
      187.000      55.4779     -97.3288      316.205
      188.000      55.7080     -97.5301      316.756
      189.000      56.1683     -97.9329      317.306
      190.000      56.3984     -98.3356      318.407
      191.000      56.3984     -98.7383      318.958
      192.000      56.3984     -98.9397      319.508
      193.000      56.3984     -98.9397      320.609
      194.000      56.3984     -99.1698      321.160
      195.000      56.3984     -99.6301      321.160
      196.000      56.3984     -99.8602      321.160
      197.000      56.3984     -100.062      321.160
      198.000      56.3984     -100.464      321.160
      199.000      56.3984     -100.867      321.160
      200.000      56.5998     -101.270      321.160
      201.000      57.0025     -101.471      321.710
      202.000      57.2039     -101.672      322.811
      203.000      57.2039     -102.075      323.362
      204.000      57.4052     -102.277      323.362
      205.000      57.8079     -102.478      323.912
      206.000      58.0093     -103.082      325.013
      207.000      58.0093     -103.686      325.563
      208.000      58.0093     -104.089      325.563
      209.000      58.0093     -104.492      325.563
      210.000      58.2107     -104.923      325.563
      211.000      58.6134     -105.383      325.563
      212.000      58.8148     -105.613      326.193
      213.000      58.8148     -105.815      327.451
      214.000      58.8148     -106.218      328.080
      215.000      59.0161     -106.419      328.080
      216.000      59.4188     -106.620      328.080
      217.000      59.6202     -107.023      328.080
      218.000      59.6202     -107.224      328.080
      219.000      59.6202     -107.426      328.080
      220.000      59.8216     -107.828      328.080
      221.000      60.2243     -108.030      328.080
      222.000      60.4257     -108.231      328.080
      223.000      60.4257     -108.634      328.630
      224.000      60.4257     -108.835      329.731
      225.000      60.4257     -108.835      329.731
      226.000      60.4257     -108.835      329.181
      227.000      60.6271     -109.037      329.731
      228.000      61.0298     -109.439      330.282
      229.000      61.2311     -109.641      330.832
      230.000      61.2311     -109.641      331.933
      231.000      61.2311     -109.641      332.484
      232.000      61.2311     -109.641      332.484
      233.000      61.2311     -109.641      332.484
      234.000      61.2311     -109.842      332.484
      235.000      61.2311     -110.245      332.484
      236.000      61.2311     -110.446      332.562
      237.000      61.2311     -110.446      332.719
      238.000      61.4613     -110.446      332.798
      239.000      61.9215     -110.446      332.798
      240.000      62.1517     -110.446      332.798
      241.000      62.1517     -110.446      332.798
      242.000      62.1517     -110.676      333.349
      243.000      62.1517     -111.137      334.450
      244.000      62.1517     -111.367      334.450
      245.000      62.3530     -111.367      333.899
      246.000      62.7558     -111.568      334.450
      247.000      62.9571     -111.971      334.371
      248.000      62.7558     -112.172      333.113
      249.000      62.3530     -112.172      332.484
      250.000      62.3530     -112.172      332.484
      251.000      62.7558     -112.172      332.484
      252.000      62.9571     -112.374      332.484
      253.000      62.9571     -112.776      332.484
      254.000      62.9571     -112.978      332.484
      255.000      62.9571     -113.179      332.484
      256.000      62.9571     -113.582      332.484
      257.000      63.1585     -113.783      332.484
      258.000      63.5612     -113.984      331.933
      259.000      63.7626     -114.387      330.832
      260.000      63.7626     -114.589      330.282
      261.000      63.7626     -114.790      330.282
      262.000      63.7626     -115.193      330.282
      263.000      63.7626     -115.394      330.911
      264.000      63.7626     -115.394      332.169
      265.000      63.9639     -115.394      332.798
      266.000      64.3667     -115.595      332.798
      267.000      64.5680     -115.998      332.798
      268.000      64.5680     -116.199      332.169
      269.000      64.5680     -116.199      330.911
      270.000      64.5680     -116.199      330.282
      271.000      64.5680     -116.199      330.282
      272.000      64.5680     -116.199      330.282
      273.000      64.5680     -116.199      330.282
      274.000      64.5680     -116.401      330.282
      275.000      64.7694     -116.804      329.653
      276.000      65.1721     -117.005      328.394
      277.000      65.3735     -117.005      327.765
      278.000      65.3735     -117.005      327.765
      279.000      65.3735     -117.005      327.765
      280.000      65.3735     -117.005      327.765
      281.000      65.3735     -117.005      327.765
      282.000      65.5748     -117.005      327.765
      283.000      65.9776     -117.005      327.215
      284.000      66.1790     -117.005      326.114
      285.000      66.1790     -117.005      325.563
      286.000      66.1790     -117.005      325.563
      287.000      66.1790     -117.005      325.563
      288.000      66.1790     -117.005      324.462
      289.000      66.4091     -117.005      322.261
      290.000      66.8693     -117.005      321.710
      291.000      67.0995     -117.005      322.261
      292.000      67.0995     -117.005      321.710
      293.000      67.0995     -117.005      321.160
      294.000      67.0995     -117.005      320.609
      295.000      67.0995     -117.005      319.508
      296.000      67.0995     -117.005      318.407
      297.000      67.0995     -117.005      317.306
      298.000      67.0995     -117.005      316.756
      299.000      67.0995     -117.005      316.756
      300.000      67.0995     -117.005      316.756
      301.000      67.0995     -117.005      316.756
      302.000      67.0995     -117.005      316.756
      303.000      67.0995     -117.005      316.205
      304.000      67.3008     -117.005      315.104
      305.000      67.7036     -117.005      314.554
      306.000      67.9049     -117.005      314.554
      307.000      67.9049     -117.005      314.554
      308.000      67.9049     -117.005      314.004
      309.000      67.9049     -117.005      312.903
      310.000      67.9049     -117.005      311.802
      311.000      67.9049     -117.005      310.701
      312.000      67.9049     -117.005      310.150
      313.000      67.9049     -117.005      310.150
      314.000      67.9049     -117.005      310.150
      315.000      67.9049     -117.005      310.150
      316.000      67.9049     -117.005      310.150
      317.000      67.9049     -117.005      309.600
      318.000      67.9049     -117.005      308.499
      319.000      67.9049     -117.005      307.948
      320.000      67.9049     -117.005      307.319
      321.000      67.9049     -117.005      306.061
      322.000      67.9049     -117.005      305.432
      323.000      67.9049     -117.005      305.432
      324.000      67.9049     -117.005      304.331
      325.000      68.1063     -117.005      302.129
      326.000      68.5090     -117.005      301.028
      327.000      68.7104     -117.005      301.028
      328.000      68.7104     -117.005      300.478
      329.000      68.7104     -117.005      299.377
      330.000      68.7104     -117.005      298.826
      331.000      68.7104     -117.005      298.826
      332.000      68.7104     -117.005      298.826
      333.000      68.7104     -117.005      298.826
      334.000      68.7104     -117.005      298.826
      335.000      68.7104     -117.005      298.826
      336.000      68.7104     -117.005      297.725
      337.000      68.9117     -117.005      295.523
      338.000      69.3145     -117.005      294.423
      339.000      69.5158     -116.804      294.423
      340.000      69.5158     -116.401      294.423
      341.000      69.5158     -116.199      294.423
      342.000      69.5158     -116.199      293.322
      343.000      69.5158     -116.199      291.120
      344.000      69.5158     -116.199      290.019
      345.000      69.7172     -116.199      290.019
      346.000      70.1199     -116.199      290.019
      347.000      70.3213     -116.199      290.019
      348.000      70.3213     -116.199      290.019
      349.000      70.5226     -116.199      290.019
      350.000      70.9254     -116.199      290.019
      351.000      71.1267     -116.199      290.019
      352.000      71.1267     -116.199      290.019
      353.000      71.1267     -116.199      290.019
      354.000      71.1267     -116.199      290.019
      355.000      71.1267     -116.199      289.468
      356.000      71.3569     -116.401      288.367
      357.000      71.8171     -116.804      287.817
      358.000      72.0473     -117.005      287.817
      359.000      72.0473     -117.005      287.817
      360.000      72.0473     -117.005      287.817
      361.000      72.2486     -117.005      287.817
      362.000      72.6514     -117.005      287.817
      363.000      72.8527     -117.005      287.817
      364.000      72.8527     -117.005      287.266
      365.000      72.8527     -117.005      286.165
      366.000      72.8527     -117.005      285.615
      367.000      72.8527     -117.005      284.986
      368.000      73.0541     -117.005      283.728
      369.000      73.4568     -117.005      283.099
      370.000      73.6582     -117.005      283.099
      371.000      73.6582     -117.005      283.099
      372.000      73.8595     -117.005      283.099
      373.000      74.2623     -117.005      283.099
      374.000      74.4637     -117.005      282.469
      375.000      74.4637     -117.005      281.211
      376.000      74.4637     -117.005      280.582
      377.000      74.4637     -117.005      280.582
      378.000      74.4637     -117.005      280.032
      379.000      74.4637     -117.005      278.931
      380.000      74.6650     -117.005      278.380
      381.000      75.0677     -117.005      278.380
      382.000      75.2691     -117.005      277.830
      383.000      75.2691     -116.804      276.729
      384.000      75.4705     -116.401      276.178
      385.000      75.8732     -116.199      276.178
      386.000      76.0746     -116.199      276.178
      387.000      76.0746     -116.199      275.628
      388.000      76.0746     -115.998      274.527
      389.000      76.0746     -115.595      273.426
      390.000      76.0746     -115.394      272.325
      391.000      76.0746     -115.394      271.775
      392.000      76.0746     -115.394      271.224
      393.000      76.0746     -115.394      270.123
      394.000      76.0746     -115.193      269.573
      395.000      76.0746     -114.790      269.573
      396.000      76.0746     -114.589      269.573
      397.000      76.3047     -114.589      269.022
      398.000      76.7650     -114.387      267.371
      399.000      76.9951     -113.984      265.720
      400.000      76.9951     -113.783      265.169
      401.000      76.7650     -113.783      264.619
      402.000      76.3047     -113.783      263.518
      403.000      76.0746     -113.783      262.967
      404.000      76.0746     -113.783      262.967
      405.000      76.0746     -113.783      262.967
      406.000      76.0746     -113.783      262.338
      407.000      76.0746     -113.783      261.080
      408.000      76.0746     -113.783      260.451
      409.000      76.0746     -113.553      260.451
      410.000      76.0746     -113.093      259.350
      411.000      76.0746     -112.863      257.148
      412.000      76.0746     -112.863      256.047
      413.000      76.0746     -112.863      256.047
      414.000      76.0746     -113.093      254.946
      415.000      76.0746     -113.553      252.744
      416.000      76.0746     -113.783      251.093
      417.000      76.0746     -113.783      249.992
      418.000      76.0746     -113.783      249.441
      419.000      75.8732     -113.553      249.441
      420.000      75.4705     -113.093      248.340
      421.000      75.0677     -112.863      246.139
      422.000      74.6650     -112.863      245.038
      423.000      74.4637     -112.863      244.408
      424.000      74.4637     -112.661      242.600
      425.000      74.2623     -112.258      240.870
      426.000      73.8595     -112.057      240.319
      427.000      73.6582     -112.057      239.218
      428.000      73.4568     -112.057      237.016
      429.000      73.0541     -112.057      235.365
      430.000      72.8527     -111.856      234.264
      431.000      72.6514     -111.252      233.163
      432.000      72.2486     -110.648      232.062
      433.000      72.0473     -110.446      230.883
      434.000      71.8459     -110.446      229.624
      435.000      71.4432     -110.446      227.894
      436.000      71.2418     -110.446      225.693
      437.000      71.2418     -110.245      224.592
      438.000      71.2418     -109.842      224.592
      439.000      71.0117     -109.641      223.491
      440.000      70.5514     -109.439      221.289
      441.000      70.1199     -109.037      220.188
      442.000      69.7172     -108.835      220.188
      443.000      69.5158     -108.835      219.637
      444.000      69.5158     -108.835      217.986
      445.000      69.3145     -108.835      216.335
      446.000      68.9118     -108.634      215.784
      447.000      68.5090     -108.231      214.683
      448.000      68.1063     -108.030      211.931
      449.000      67.9049     -107.800      209.729
      450.000      67.7035     -107.339      209.178
      451.000      67.0995     -107.109      209.178
      452.000      66.4954     -106.908      208.549
      453.000      66.2940     -106.505      206.741
      454.000      66.0926     -106.304      205.011
      455.000      65.4886     -106.304      204.460
      456.000      64.8845     -106.102      203.831
      457.000      64.6831     -105.700      202.022
      458.000      64.4530     -105.498      200.292
      459.000      63.9927     -105.498      199.742
      460.000      63.5612     -105.498      199.191
      461.000      63.1585     -105.498      198.090
      462.000      62.7558     -105.498      196.989
      463.000      62.3530     -105.498      195.338
      464.000      61.9503     -105.498      193.687
      465.000      61.5476     -105.498      193.136
      466.000      61.3462     -105.498      192.586
      467.000      61.1448     -105.498      191.485
      468.000      60.7421     -105.498      190.384
      469.000      60.3394     -105.498      188.732
      470.000      59.7353     -105.297      187.081
      471.000      58.9011     -104.894      186.530
      472.000      58.0381     -104.693      185.980
      473.000      57.4052     -104.693      184.879
      474.000      57.0025     -104.693      184.329
      475.000      56.5998     -104.492      183.228
      476.000      56.1970     -104.089      181.026
      477.000      55.5929     -103.887      179.925
      478.000      54.7875     -103.887      179.374
      479.000      54.1834     -103.887      178.273
      480.000      53.7807     -103.887      177.173
      481.000      53.1478     -103.887      175.442
      482.000      52.2848     -103.887      173.634
      483.000      51.6520     -103.887      173.005
      484.000      51.2492     -103.887      173.005
      485.000      50.6451     -103.887      172.376
      486.000      50.0410     -103.686      170.567
      487.000      49.8397     -103.283      168.837
      488.000      49.6383     -103.082      167.736
      489.000      49.0342     -103.082      166.635
      490.000      48.4301     -103.082      166.084
      491.000      48.2288     -103.082      165.534
      492.000      48.0274     -102.852      164.433
      493.000      47.6247     -102.392      162.782
      494.000      47.1932     -102.161      160.580
      495.000      46.7329     -102.161      158.928
      496.000      46.5028     -102.161      157.827
      497.000      46.3014     -102.161      157.277
      498.000      45.8987     -102.161      157.277
      499.000      45.4960     -102.161      156.727
      500.000      44.8919     -102.161      155.626
      501.000      44.0864     -101.960      155.075
      502.000      43.4823     -101.557      155.075
      503.000      43.2809     -101.356      154.446
      504.000      43.0796     -101.356      153.188
      505.000      42.6769     -101.356      152.559
      506.000      42.2741     -101.356      152.559
      507.000      41.8714     -101.356      152.008
      508.000      41.6700     -101.356      150.357
      509.000      41.6700     -101.356      148.705
      510.000      41.4399     -101.155      147.604
      511.000      40.9796     -100.752      146.504
      512.000      40.5482     -100.551      145.953
      513.000      40.1454     -100.752      144.852
      514.000      39.9441     -101.155      142.650
      515.000      39.9441     -101.356      141.549
      516.000      39.9441     -101.356      141.549
      517.000      39.7427     -101.155      141.549
      518.000      39.3400     -100.752      141.549
      519.000      38.9373     -100.752      141.549
      520.000      38.5345     -101.155      141.549
      521.000      38.3332     -101.356      141.549
      522.000      38.3332     -101.356      140.999
      523.000      38.3332     -101.356      139.898
      524.000      38.1318     -101.155      138.797
      525.000      37.7291     -100.752      137.696
      526.000      37.5277     -100.551      136.595
      527.000      37.5277     -100.551      135.494
      528.000      37.3263     -100.551      134.944
      529.000      36.9236     -100.551      134.944
      530.000      36.7222     -100.551      134.393
      531.000      36.7222     -100.551      132.742
      532.000      36.7222     -100.551      131.090
      533.000      36.7222     -100.551      130.540
      534.000      36.7222     -100.551      130.540
      535.000      36.5209     -100.551      130.540
      536.000      36.1181     -100.551      129.989
      537.000      35.9168     -100.551      128.888
      538.000      35.9168     -100.551      128.338
      539.000      35.7154     -100.752      127.709
      540.000      35.3127     -101.155      126.451
      541.000      35.1113     -101.356      124.642
      542.000      35.1113     -101.356      122.283
      543.000      35.1113     -101.356      121.103
      544.000      35.1113     -101.356      120.002
      545.000      35.1113     -101.356      117.800
      546.000      34.8812     -101.356      116.700
      547.000      34.4209     -101.557      116.700
      548.000      33.9894     -101.960      116.700
      549.000      33.5867     -102.161      115.599
      550.000      33.3853     -102.161      113.397
      551.000      33.3853     -102.161      112.296
      552.000      33.3853     -102.363      112.296
      553.000      33.3853     -102.766      112.296
      554.000      33.3853     -102.967      112.296
      555.000      33.3853     -103.197      111.745
      556.000      33.3853     -103.657      110.644
      557.000      33.1840     -103.887      110.094
      558.000      32.7813     -104.089      110.094
      559.000      32.3785     -104.492      109.543
      560.000      31.9758     -104.693      108.442
      561.000      31.7744     -104.693      107.892
      562.000      31.7744     -104.693      107.892
      563.000      31.7744     -104.894      107.892
      564.000      31.5731     -105.297      107.342
      565.000      31.1703     -105.498      106.241
      566.000      30.9690     -105.498      105.690
      567.000      30.7676     -105.498      105.140
      568.000      30.3649     -105.700      104.039
      569.000      30.1635     -106.102      103.488
      570.000      30.1635     -106.304      102.859
      571.000      30.1635     -106.304      101.601
      572.000      29.9622     -106.505      100.421
      573.000      29.5594     -106.908      99.3204
      574.000      29.3581     -107.109      98.7700
      575.000      29.3581     -107.109      98.2195
      576.000      29.1279     -107.109      97.1185
      577.000      28.6677     -107.311      96.5681
      578.000      28.4375     -107.713      96.0176
      579.000      28.4375     -107.915      94.9166
      580.000      28.2362     -107.915      94.3662
      581.000      27.8334     -107.915      94.3662
      582.000      27.6321     -107.915      93.8157
      583.000      27.6321     -107.915      92.7148
      584.000      27.4307     -107.915      92.1643
      585.000      27.0280     -107.915      91.6138
      586.000      26.8266     -107.915      90.5129
      587.000      26.8266     -107.915      89.9624
      588.000      26.8266     -107.915      89.9624
      589.000      26.8266     -107.915      89.9624
      590.000      26.8266     -107.915      89.9624
      591.000      26.8266     -107.915      89.9624
      592.000      26.8266     -107.915      89.9624
      593.000      26.8266     -107.915      89.4120
      594.000      26.8266     -107.915      88.3110
      595.000      26.8266     -107.915      87.7606
      596.000      26.8266     -107.512      87.2101
      597.000      26.8266     -106.707      86.1092
      598.000      26.8266     -106.304      85.0083
      599.000      26.8266     -106.304      83.9073
      600.000      26.8266     -106.304      83.3568
      601.000      26.8266     -106.102      83.3568
      602.000      26.8266     -105.700      83.3568
      603.000      26.8266     -105.297      83.3568
      604.000      26.8266     -104.894      82.7277
      605.000      26.6253     -104.693      81.4695
      606.000      26.2225     -104.693      80.8404
      607.000      26.0212     -104.463      80.8404
      608.000      26.0212     -104.003      80.2899
      609.000      26.0212     -103.772      79.1890
      610.000      26.0212     -103.571      78.6385
      611.000      26.0212     -103.168      78.6385
      612.000      26.0212     -102.967      78.6385
      613.000      26.0212     -102.967      78.0880
      614.000      26.0212     -102.766      76.9871
      615.000      26.0212     -102.161      76.4367
      616.000      26.0212     -101.557      75.8862
      617.000      26.0212     -101.356      74.7852
      618.000      26.0212     -101.356      74.2348
      619.000      26.0212     -101.155      74.2348
      620.000      26.0212     -100.752      73.6843
      621.000      26.0212     -100.349      72.5833
      622.000      25.8198     -99.9465      71.4824
      623.000      25.4171     -99.5438      70.3815
      624.000      25.2157     -99.1410      69.8310
      625.000      25.2157     -98.7095      69.8310
      626.000      25.2157     -98.0479      69.8310
      627.000      25.2157     -97.2137      69.8310
      628.000      25.2157     -96.6096      69.2805
      629.000      25.2157     -96.2069      67.5505
      630.000      25.2157     -95.6028      65.7418
      631.000      25.2157     -94.7973      65.1127
      632.000      25.2157     -93.9919      65.1127
      633.000      25.2157     -93.1576      65.1127
      634.000      25.2157     -92.2947      65.1127
      635.000      25.2157     -91.4604      65.1127
      636.000      25.2157     -90.6550      65.1127
      637.000      25.2157     -89.8495      64.5622
      638.000      25.2157     -89.0441      63.4613
      639.000      25.2157     -88.2386      62.9108
      640.000      25.2157     -87.4044      62.9108
      641.000      25.2157     -86.5414      62.3603
      642.000      25.2157     -85.7072      61.2593
      643.000      25.0143     -84.7004      60.7089
      644.000      24.6116     -82.8593      60.7089
      645.000      24.4103     -80.3854      60.7089
      646.000      24.4103     -78.3430      60.7089
      647.000      24.4103     -76.7033      60.7089
      648.000      24.4103     -74.8335      60.0798
      649.000      24.4103     -72.9925      58.8216
      650.000      24.2089     -71.5541      58.1925
      651.000      23.8062     -70.0871      58.2711
      652.000      23.4034     -68.2460      58.4284
      653.000      23.0007     -66.6351      58.5070
      654.000      22.5980     -65.5995      58.5070
      655.000      21.9651     -64.5352      58.5070
      656.000      21.3035     -63.7009      57.9566
      657.000      20.8720     -63.2982      56.2265
      658.000      20.2679     -62.8955      54.4179
      659.000      19.4625     -62.6941      53.7888
      660.000      18.6570     -62.4928      53.7888
      661.000      17.8515     -62.0900      53.7888
      662.000      17.0461     -61.8887      53.7888
      663.000      16.2119     -61.8887      53.7888
      664.000      15.1475     -61.6873      53.2383
      665.000      13.9106     -61.2846      51.5869
      666.000      13.1051     -61.0832      49.9354
      667.000      12.7024     -60.8818      49.3850
      668.000      12.0983     -60.4791      49.3850
      669.000      11.2928     -60.2778      49.3850
      670.000      10.4586     -60.2778      49.3850
      671.000      9.79697     -60.2778      49.3850
      672.000      9.36547     -60.2778      49.3850
      673.000      8.76139     -60.2778      49.3850
      674.000      8.15730     -60.2778      48.8345
      675.000      7.75458     -60.2778      47.7336
      676.000      7.15048     -60.2778      46.6327
      677.000      6.54638     -60.2778      45.5317
      678.000      6.34501     -60.2778      44.9813
      679.000      6.14364     -60.2778      44.9813
      680.000      5.74092     -60.2778      44.4308
      681.000      5.53956     -60.2778      43.3298
      682.000      5.33819     -60.2778      42.7794
      683.000      4.93547     -60.0764      42.7794
      684.000      4.73411     -59.6737      42.7794
      685.000      4.73411     -59.4723      42.7794
      686.000      4.50397     -59.4723      42.7794
      687.000      4.04371     -59.4723      42.7794
      688.000      3.81357     -59.6737      42.7794
      689.000      3.61221     -60.0764      42.7794
      690.000      3.20949     -60.2778      42.7794
      691.000      3.00812     -60.2778      42.1503
      692.000      3.00812     -60.2778      40.8921
      693.000      3.00812     -60.4791      40.2629
      694.000      3.00812     -60.8818      40.2629
      695.000      3.20949     -61.2846      40.2629
      696.000      3.84234     -61.6873      39.7125
      697.000      4.50397     -62.0900      38.6115
      698.000      4.73411     -62.4928      37.5106
      699.000      4.93547     -62.8955      36.4096
      700.000      5.53956     -63.2982      35.8591
      701.000      6.34501     -63.9311      35.8591
      702.000      7.15048     -64.7941      35.8591
      703.000      7.75458     -65.4269      35.8591
      704.000      8.15730     -66.0310      34.7582
      705.000      8.56003     -66.8365      32.5563
      706.000      8.96275     -67.6419      31.4554
      707.000      9.36547     -68.2460      31.4554
      708.000      9.79697     -68.6488      31.4554
      709.000      10.4586     -69.2528      30.9049
      710.000      11.0915     -70.0871      29.8040
      711.000      11.6955     -70.9501      29.2535
      712.000      12.5010     -71.7843      29.2535
      713.000      13.1051     -72.5897      29.2535
      714.000      13.5078     -73.1938      29.2535
      715.000      13.9106     -73.5966      29.2535
      716.000      14.3133     -74.2006      29.2535
      717.000      14.7448     -75.0061      28.1526
      718.000      15.2051     -75.6102      25.9507
      719.000      15.6365     -76.0129      24.8498
      720.000      16.0393     -76.4157      24.8498
      721.000      16.4420     -76.8472      24.8498
      722.000      17.0461     -77.5088      24.2993
      723.000      17.6502     -78.1416      23.1984
      724.000      18.0529     -78.5444      22.6479
      725.000      18.6570     -79.1485      22.6479
      726.000      19.2611     -79.7525      22.6479
      727.000      19.6638     -80.1553      22.6479
      728.000      20.2967     -80.7594      22.6479
      729.000      20.9583     -81.3635      22.6479
      730.000      21.3898     -81.5648      22.6479
      731.000      21.5912     -81.5648      22.0188
      732.000      21.3898     -81.5648      20.7606
      733.000      20.9583     -81.3635      20.1315
      734.000      20.4980     -80.7594      20.1315
      735.000      20.2679     -79.9539      20.1315
      736.000      20.0666     -79.3498      20.1315
      737.000      19.6638     -78.9471      19.5810
      738.000      19.2611     -78.3430      18.4800
      739.000      18.8584     -77.5088      17.9296
      740.000      18.4556     -76.8472      17.9296
      741.000      17.8515     -76.2143      17.9296
      742.000      17.0461     -75.4088      17.9296
      743.000      16.2406     -74.8047      17.9296
      744.000      15.6365     -74.2006      17.9296
      745.000      15.2051     -73.5966      17.9296
      746.000      14.7448     -73.1938      17.9296
      747.000      14.3133     -72.5897      17.9296
      748.000      13.7092     -71.7555      17.9296
      749.000      13.1051     -70.8925      17.9296
      750.000      12.7024     -70.0583      18.4800
      751.000      12.0983     -69.0515      19.5809
      752.000      11.4942     -67.8433      19.5809
      753.000      11.0915     -66.8365      19.0305
      754.000      10.4874     -66.0022      19.0305
      755.000      9.65315     -65.1393      18.4800
      756.000      8.99152     -64.3050      17.9296
      757.000      8.56003     -63.4996      17.9296
      758.000      8.15730     -62.6941      17.9296
      759.000      7.55321     -61.8887      17.3791
      760.000      6.34501     -60.6517      16.2782
      761.000      4.93547     -58.9833      15.7277
      762.000      3.89989     -57.5450      15.7277
      763.000      2.83553     -56.3368      15.7277
      764.000      1.59858     -55.0998      15.7277
      765.000     0.591749     -53.6327      15.7277
      766.000    -0.415071     -51.7917      15.1772
      767.000     -1.42188     -49.7493      14.0763
      768.000     -2.05474     -47.6781      13.5258
      769.000     -2.91773     -45.6357      13.5258
      770.000     -4.75878     -42.9892      13.5258
      771.000     -7.20391     -39.4797      12.9754
      772.000     -9.27509     -36.5743      11.8744
      773.000     -10.9148     -34.3305      10.2230
      774.000     -14.4946     -29.9421      6.29108
      775.000     -22.0122     -22.0122      0.00000
"swimbladder chamber 1"
         290
      180.000     -34.0949     -34.0949      0.00000
      181.000     -33.5399     -34.6274      2.12996
      182.000     -33.2674     -34.8924      3.48539
      183.000     -33.0924     -35.0674      4.28757
      184.000     -33.0049     -35.1549      5.11742
      185.000     -33.0049     -35.1549      5.94728
      186.000     -33.0049     -35.1549      6.77713
      187.000     -33.0049     -35.1549      7.38570
      188.000     -33.0049     -35.1549      8.16023
      189.000     -33.0049     -35.1549      9.12839
      190.000     -33.0049     -35.1549      9.70929
      191.000     -33.0049     -35.1549      10.0966
      192.000     -33.0049     -35.1549      10.6775
      193.000     -33.0049     -35.1549      11.4520
      194.000     -33.0049     -35.2424      12.0329
      195.000     -33.0049     -35.4174      12.4201
      196.000     -33.0049     -35.5049      12.8074
      197.000     -33.0049     -35.5049      13.4160
      198.000     -33.0049     -35.5049      14.2458
      199.000     -33.0049     -35.5049      14.8544
      200.000     -33.0049     -35.5049      15.2417
      201.000     -33.0049     -35.5049      15.6289
      202.000     -33.0049     -35.5049      16.0162
      203.000     -33.0924     -35.5049      16.4034
      204.000     -33.2674     -35.5049      16.8184
      205.000     -33.3549     -35.5049      17.4546
      206.000     -33.3549     -35.5049      18.0631
      207.000     -33.3549     -35.5049      18.4504
      208.000     -33.3549     -35.5049      19.0313
      209.000     -33.3549     -35.5049      19.8058
      210.000     -33.3549     -35.5049      20.5804
      211.000     -33.3549     -35.5049      21.1613
      212.000     -33.3549     -35.5924      21.5485
      213.000     -33.3549     -35.7674      22.3231
      214.000     -33.3549     -35.8549      23.2912
      215.000     -33.3549     -35.8549      23.6785
      216.000     -33.3549     -35.9424      24.0658
      217.000     -33.3549     -36.1174      24.8403
      218.000     -33.3549     -36.2049      25.4212
      219.000     -33.3549     -36.2049      25.8085
      220.000     -33.3549     -36.2049      26.4170
      221.000     -33.3549     -36.2049      27.4405
      222.000     -33.4424     -36.3049      28.2427
      223.000     -33.6174     -36.5049      28.8512
      224.000     -33.7049     -36.6049      29.6811
      225.000     -33.7049     -36.6049      30.0960
      226.000     -33.7049     -36.6924      30.2897
      227.000     -33.7049     -36.8674      30.6769
      228.000     -33.8049     -36.9549      31.0642
      229.000     -34.0049     -37.0424      31.6451
      230.000     -34.1049     -37.3049      32.4196
      231.000     -34.1049     -37.5674      33.1942
      232.000     -34.1049     -37.7424      33.9963
      233.000     -34.1049     -37.9174      34.8262
      234.000     -34.1049     -38.0924      35.4348
      235.000     -34.1049     -38.3549      35.8220
      236.000     -34.1049     -38.6174      36.4029
      237.000     -34.1049     -38.8049      37.3711
      238.000     -34.1049     -39.0049      38.3392
      239.000     -34.1049     -39.1924      38.7265
      240.000     -34.1049     -39.3674      38.7265
      241.000     -34.1049     -39.5424      39.1138
      242.000     -34.1049     -39.7174      40.1096
      243.000     -34.1049     -39.8924      41.1331
      244.000     -34.1924     -40.0674      41.7416
      245.000     -34.3674     -40.1549      41.9353
      246.000     -34.4549     -40.2424      41.9353
      247.000     -34.4549     -40.5049      42.3225
      248.000     -34.5424     -40.7674      43.0971
      249.000     -34.7174     -40.8549      43.6780
      250.000     -34.8049     -40.8549      44.2589
      251.000     -34.8049     -40.9424      44.8398
      252.000     -34.8049     -41.1174      45.0334
      253.000     -34.8049     -41.3049      45.0334
      254.000     -34.8924     -41.5049      45.2270
      255.000     -35.0674     -41.6924      45.6143
      256.000     -35.2424     -41.8674      45.8079
      257.000     -35.4174     -42.0424      45.8079
      258.000     -35.5049     -42.2174      45.8079
      259.000     -35.5049     -42.3924      46.0016
      260.000     -35.5049     -42.5674      46.5825
      261.000     -35.5049     -42.7424      47.1634
      262.000     -35.5049     -42.9174      47.3570
      263.000     -35.5049     -43.0049      47.3847
      264.000     -35.5049     -43.0924      47.4400
      265.000     -35.5049     -43.2674      47.4677
      266.000     -35.5924     -43.4424      47.4677
      267.000     -35.7674     -43.6174      47.6613
      268.000     -35.8549     -43.7049      48.2422
      269.000     -35.8549     -43.7049      48.8231
      270.000     -35.9424     -43.7924      49.2103
      271.000     -36.1174     -44.0674      49.5976
      272.000     -36.2049     -44.3549      49.7912
      273.000     -36.2049     -44.4549      49.7912
      274.000     -36.2049     -44.4549      49.7912
      275.000     -36.2049     -44.4549      49.7912
      276.000     -36.2049     -44.5424      49.7912
      277.000     -36.2924     -44.7174      49.7912
      278.000     -36.4674     -44.8049      49.9849
      279.000     -36.6549     -44.8049      50.3721
      280.000     -36.8549     -44.8924      50.5658
      281.000     -36.9549     -45.0674      50.5658
      282.000     -36.9549     -45.1549      50.5658
      283.000     -36.9549     -45.2424      50.5658
      284.000     -36.9549     -45.4174      50.5658
      285.000     -37.0424     -45.5049      50.7594
      286.000     -37.2174     -45.5049      51.1467
      287.000     -37.3049     -45.5924      51.3403
      288.000     -37.3049     -45.7674      51.3403
      289.000     -37.3924     -45.8549      51.3403
      290.000     -37.5674     -45.8549      51.5616
      291.000     -37.6549     -45.8549      52.0042
      292.000     -37.6549     -45.8549      52.2255
      293.000     -37.6549     -45.9424      52.2255
      294.000     -37.6549     -46.1174      52.2255
      295.000     -37.6549     -46.2049      52.2255
      296.000     -37.7424     -46.2924      52.2255
      297.000     -37.9174     -46.4674      52.2255
      298.000     -38.0049     -46.5549      52.2255
      299.000     -38.0049     -46.5549      52.2255
      300.000     -38.0049     -46.5549      52.4191
      301.000     -38.0924     -46.6549      52.8064
      302.000     -38.2674     -46.8549      53.0000
      303.000     -38.3549     -46.9549      53.0000
      304.000     -38.3549     -46.9549      53.0000
      305.000     -38.3549     -47.0424      53.0000
      306.000     -38.3549     -47.2174      52.8064
      307.000     -38.4424     -47.3049      52.1978
      308.000     -38.6174     -47.3049      51.5616
      309.000     -38.7049     -47.3049      51.3403
      310.000     -38.7924     -47.3049      51.3403
      311.000     -38.9674     -47.3049      51.1467
      312.000     -39.0549     -47.3049      50.5658
      313.000     -39.0549     -47.3049      49.9849
      314.000     -39.1549     -47.3049      49.5976
      315.000     -39.3549     -47.3049      49.0167
      316.000     -39.4549     -47.3049      48.2145
      317.000     -39.4549     -47.3049      47.3847
      318.000     -39.5424     -47.3049      46.5825
      319.000     -39.7174     -47.3049      45.8079
      320.000     -39.8049     -47.3049      45.2270
      321.000     -39.8924     -47.3049      45.0334
      322.000     -40.0674     -47.3049      44.8398
      323.000     -40.1549     -47.3049      44.4525
      324.000     -40.1549     -47.3049      44.0652
      325.000     -40.2424     -47.3049      43.4843
      326.000     -40.4174     -47.3049      42.9034
      327.000     -40.5049     -47.3049      42.7098
      328.000     -40.5049     -47.3049      42.2949
      329.000     -40.5049     -47.3049      41.4650
      330.000     -40.5049     -47.3049      41.0501
      331.000     -40.5924     -47.3049      40.8565
      332.000     -40.7674     -47.3049      40.4692
      333.000     -40.8549     -47.3049      39.8883
      334.000     -40.8549     -47.3049      39.1138
      335.000     -40.8549     -47.3049      38.7265
      336.000     -40.8549     -47.3049      38.7265
      337.000     -40.9424     -47.3049      38.5329
      338.000     -41.1174     -47.3049      38.1456
      339.000     -41.2049     -47.3049      37.5647
      340.000     -41.2049     -47.3049      36.7902
      341.000     -41.2049     -47.3049      36.4029
      342.000     -41.2049     -47.3049      36.4029
      343.000     -41.2924     -47.3924      36.2093
      344.000     -41.4674     -47.5674      35.8220
      345.000     -41.5549     -47.6549      35.4348
      346.000     -41.6424     -47.6549      35.0475
      347.000     -41.8174     -47.7424      34.8539
      348.000     -41.9049     -47.9174      34.8539
      349.000     -41.9049     -48.0049      34.8539
      350.000     -42.0049     -48.0049      34.6326
      351.000     -42.2049     -48.0049      34.1900
      352.000     -42.3049     -48.0049      33.9687
      353.000     -42.3924     -48.0049      33.7751
      354.000     -42.5674     -48.0924      33.3878
      355.000     -42.6549     -48.2674      33.1942
      356.000     -42.6549     -48.3549      33.1942
      357.000     -42.7424     -48.4424      33.1942
      358.000     -42.9174     -48.6174      32.9729
      359.000     -43.0049     -48.7049      32.3366
      360.000     -43.0049     -48.7049      31.7281
      361.000     -43.0924     -48.7049      31.5344
      362.000     -43.2674     -48.7924      31.5344
      363.000     -43.3549     -48.9674      31.5344
      364.000     -43.3549     -49.0549      31.3408
      365.000     -43.3549     -49.0549      30.7599
      366.000     -43.3549     -49.1424      30.1790
      367.000     -43.4424     -49.3174      29.9854
      368.000     -43.6174     -49.4049      29.9854
      369.000     -43.7049     -49.4049      29.9854
      370.000     -43.7049     -49.4049      29.7917
      371.000     -43.7924     -49.4049      29.4045
      372.000     -43.9674     -49.5049      29.2108
      373.000     -44.0549     -49.7049      29.2108
      374.000     -44.0549     -49.8049      29.2108
      375.000     -44.0549     -49.8049      29.0172
      376.000     -44.0549     -49.8924      28.4363
      377.000     -44.0549     -50.0674      27.8554
      378.000     -44.1424     -50.1549      27.6618
      379.000     -44.3174     -50.1549      27.6618
      380.000     -44.4049     -50.2424      27.6618
      381.000     -44.5049     -50.4174      27.4682
      382.000     -44.7049     -50.5049      27.0809
      383.000     -44.7924     -50.5924      26.6936
      384.000     -44.7674     -50.7674      26.3064
      385.000     -44.7549     -50.8549      26.1127
      386.000     -44.8549     -50.8549      26.1127
      387.000     -45.0549     -50.8549      25.9191
      388.000     -45.1549     -50.9424      25.5318
      389.000     -45.1549     -51.1174      25.3382
      390.000     -45.2424     -51.2049      25.1446
      391.000     -45.4174     -51.2924      24.7573
      392.000     -45.5049     -51.4674      24.5637
      393.000     -45.5049     -51.5549      24.3700
      394.000     -45.5049     -51.5549      23.9828
      395.000     -45.5049     -51.5549      23.5955
      396.000     -45.5924     -51.6424      23.2083
      397.000     -45.7674     -51.8174      23.0146
      398.000     -45.8549     -51.9049      23.0146
      399.000     -45.8549     -51.9049      22.7933
      400.000     -45.9424     -51.9049      22.3507
      401.000     -46.1174     -51.9924      21.9081
      402.000     -46.2049     -52.1674      21.2719
      403.000     -46.2049     -52.2549      20.6634
      404.000     -46.2049     -52.2549      20.4697
      405.000     -46.2924     -52.2549      20.2761
      406.000     -46.4674     -52.2549      19.8888
      407.000     -46.5549     -52.2549      19.6952
      408.000     -46.6424     -52.2549      19.5016
      409.000     -46.8174     -52.2549      19.1143
      410.000     -46.9049     -52.2549      18.7270
      411.000     -46.9049     -52.2549      18.3398
      412.000     -46.9049     -52.3549      18.1461
      413.000     -46.9049     -52.5549      17.7589
      414.000     -46.9924     -52.6549      16.9843
      415.000     -47.1674     -52.6549      16.5971
      416.000     -47.2549     -52.6549      16.4034
      417.000     -47.2549     -52.6549      16.0162
      418.000     -47.2549     -52.6549      15.8225
      419.000     -47.3549     -52.6549      15.8225
      420.000     -47.5549     -52.6549      15.6012
      421.000     -47.6549     -52.7424      14.9650
      422.000     -47.6549     -52.9174      14.3565
      423.000     -47.6549     -53.0049      13.9692
      424.000     -47.6549     -53.0049      13.5819
      425.000     -47.7424     -53.0049      13.3883
      426.000     -47.9174     -53.0049      13.3883
      427.000     -48.0049     -53.0049      13.1947
      428.000     -48.0049     -53.0049      12.8074
      429.000     -48.0049     -53.0049      12.6138
      430.000     -48.0924     -53.0049      12.4201
      431.000     -48.2674     -53.0049      12.0329
      432.000     -48.3549     -53.0049      11.8392
      433.000     -48.3549     -53.0049      11.8392
      434.000     -48.3549     -53.0049      11.6456
      435.000     -48.3549     -53.0049      11.2583
      436.000     -48.3549     -53.0049      11.0647
      437.000     -48.3549     -53.0049      10.8711
      438.000     -48.3549     -53.0049      10.4838
      439.000     -48.3549     -53.0049      10.2902
      440.000     -48.3549     -53.0049      10.2902
      441.000     -48.3549     -53.0049      10.2902
      442.000     -48.3549     -53.0049      10.0965
      443.000     -48.4424     -53.0049      9.70929
      444.000     -48.6174     -52.9174      9.51566
      445.000     -48.7049     -52.7299      9.32202
      446.000     -48.7049     -52.6174      8.93475
      447.000     -48.7049     -52.6049      8.74112
      448.000     -48.7049     -52.6049      8.74112
      449.000     -48.7924     -52.6049      8.74112
      450.000     -48.9674     -52.6049      8.93475
      451.000     -49.0549     -52.6049      9.10073
      452.000     -49.0549     -52.6049      8.85177
      453.000     -49.0549     -52.6049      8.43685
      454.000     -49.0549     -52.6049      8.04959
      455.000     -49.1424     -52.6049      7.85596
      456.000     -49.3174     -52.6049      7.85596
      457.000     -49.4049     -52.6049      7.85596
      458.000     -49.4924     -52.6049      7.66232
      459.000     -49.6674     -52.6049      7.27505
      460.000     -49.7549     -52.6049      7.08142
      461.000     -49.7549     -52.6049      7.08142
      462.000     -49.7549     -52.6049      6.88779
      463.000     -49.8424     -52.6049      6.50052
      464.000     -50.0174     -52.6049      6.30688
      465.000     -50.2049     -52.5174      6.30688
      466.000     -50.4049     -52.3424      6.30688
      467.000     -50.5049     -52.2549      5.91962
      468.000     -50.5924     -52.1674      5.14509
      469.000     -50.8987     -51.8612      3.56837
      470.000     -51.3799     -51.3799      0.00000
"D. Burwen x-ray"