"Lavnun 1, Lake Kinneret, Apr. 98 rotated"
"total fish length mm =" 113
"fish mass g =" 10.82
"number of swimbladder chambers=" 2
"x,   z-upper,   z-lower,   width"
"fish body"
     100
      0.00000      0.00000      0.00000      0.00000
      1.00000      1.83907     -2.06719      2.34146
      2.00000      2.74062     -3.35313      3.95122
      3.00000      2.93906     -4.17032      4.97561
      4.00000      3.05937     -4.75313      5.92683
      5.00000      3.25782     -5.10156      6.87805
      6.00000      3.45624     -5.45000      7.68292
      7.00000      3.65469     -5.95469      8.34146
      8.00000      3.77500     -6.45938      8.92683
      9.00000      3.89531     -6.80781      9.43902
      10.0000      4.09375     -7.15625      9.73170
      11.0000      4.29218     -7.58282      9.87805
      12.0000      4.49063     -7.93125      9.95122
      13.0000      4.68906     -8.20156      9.87805
      14.0000      4.88750     -8.47188      9.80488
      15.0000      5.08593     -8.74219      9.87805
      16.0000      5.28438     -9.01250      9.95122
      17.0000      5.48281     -9.28281      9.95122
      18.0000      5.75938     -9.55313      10.0244
      19.0000      6.03594     -9.82344      10.1707
      20.0000      6.23437     -10.0156      10.2439
      21.0000      6.43282     -10.0516      10.2439
      22.0000      6.63125     -10.0875      10.3171
      23.0000      6.82969     -10.2016      10.4634
      24.0000      6.95000     -10.2375      10.6098
      25.0000      6.99219     -10.2734      10.7561
      26.0000      7.11250     -10.3875      10.8293
      27.0000      7.31094     -10.5015      10.8293
      28.0000      7.43125     -10.6157      10.9024
      29.0000      7.47344     -10.7297      11.0488
      30.0000      7.51562     -10.8438      11.1951
      31.0000      7.55781     -10.8797      11.3415
      32.0000      7.67812     -10.9156      11.4146
      33.0000      7.87657     -11.0297      11.3415
      34.0000      7.99687     -11.0656      11.1951
      35.0000      8.03906     -11.1015      11.1219
      36.0000      8.08125     -11.2156      11.1219
      37.0000      8.12344     -11.2516      11.0488
      38.0000      8.16562     -11.2875      10.9024
      39.0000      8.20781     -11.4016      10.8293
      40.0000      8.25000     -11.4375      10.9024
      41.0000      8.29219     -11.3953      11.0488
      42.0000      8.25626     -11.4312      11.0488
      43.0000      8.14218     -11.5453      10.9024
      44.0000      8.10625     -11.5813      10.8293
      45.0000      8.14844     -11.5391      10.8293
      46.0000      8.19063     -11.4969      10.8293
      47.0000      8.15469     -11.4547      10.8293
      48.0000      8.04062     -11.4125      10.8293
      49.0000      8.00469     -11.3703      10.7561
      50.0000      7.96875     -11.3281      10.5366
      51.0000      7.89375     -11.2468      10.3171
      52.0000      7.93594     -11.1265      10.2439
      53.0000      7.93906     -11.0453      10.2439
      54.0000      7.82500     -10.9250      10.1341
      55.0000      7.78906     -10.7266      9.87805
      56.0000      7.75312     -10.6063      9.69512
      57.0000      7.56094     -10.5641      9.65854
      58.0000      7.36875     -10.4437      9.51219
      59.0000      7.25468     -10.2453      9.21951
      60.0000      7.14063     -10.0469      9.00000
      61.0000      7.02656     -9.77036      8.78049
      62.0000      6.91251     -9.41558      8.56097
      63.0000      6.79843     -9.06099      8.48780
      64.0000      6.60625     -8.70620      8.48780
      65.0000      6.41407     -8.42971      8.41463
      66.0000      6.29999     -8.23123      8.26829
      67.0000      6.18594     -7.95464      8.19512
      68.0000      6.07187     -7.67815      8.19512
      69.0000      5.95782     -7.47966      8.12195
      70.0000      5.84375     -7.28127      7.97561
      71.0000      5.72969     -7.08279      7.90244
      72.0000      5.61562     -6.88438      7.82927
      73.0000      5.50157     -6.68593      7.68292
      74.0000      5.38750     -6.48750      7.53658
      75.0000      5.27344     -6.28906      7.39024
      76.0000      5.15937     -6.09063      7.24390
      77.0000      4.96719     -5.97031      7.09756
      78.0000      4.77501     -5.85000      7.02439
      79.0000      4.66093     -5.65157      6.95122
      80.0000      4.54688     -5.45312      6.80488
      81.0000      4.43281     -5.25469      6.65854
      82.0000      4.31875     -5.13437      6.51219
      83.0000      4.20469     -5.01406      6.36585
      84.0000      4.09062     -4.81563      6.21951
      85.0000      3.97656     -4.69531      6.07317
      86.0000      3.86250     -4.57500      5.85366
      87.0000      3.82656     -4.37657      5.56098
      88.0000      3.86875     -4.25625      5.34146
      89.0000      3.91094     -4.21406      5.19512
      90.0000      4.03125     -4.09375      4.90244
      91.0000      4.30781     -3.89532      4.46341
      92.0000      4.66250     -3.77500      4.17073
      93.0000      5.01719     -3.73281      3.95122
      94.0000      5.45001     -3.69062      3.65854
      95.0000      5.88281     -3.57031      3.43902
      96.0000      6.08125     -3.37188      3.21951
      97.0000      6.04531     -3.25156      2.92683
      98.0000      5.69688     -3.20937      2.63415
      99.0000      3.94219     -2.38594      1.82927
      100.000      0.00000      0.00000      0.00000
"swimbladder chamber 1"
      13
      30.0000     -1.69425     -1.69425      0.00000
      31.0000     0.140133     -3.88382      3.82166
      32.0000     0.864596     -5.12343      5.23567
      33.0000     0.954687     -5.75190      5.46497
      34.0000     0.948971     -6.18876      5.65605
      35.0000     0.895351     -6.43399      5.77070
      36.0000     0.889634     -6.58342      5.84713
      37.0000     0.883916     -6.73285      5.96178
      38.0000     0.830295     -6.83437      6.00000
      39.0000     0.824579     -6.79219      5.84713
      40.0000     0.818862     -6.60629      5.57962
      41.0000     0.717338     -6.32458      5.00637
      42.0000   -0.0532449     -5.08319      3.28662
      43.0000     -2.04566     -2.04566      0.00000
"swimbladder chamber 2"
      14
      44.0000     -2.47685     -2.47685      0.00000
      45.0000    -0.267632     -4.71924      3.91200
      46.0000     0.503125     -5.49687      5.50800
      47.0000     0.545313     -5.45469      5.78400
      48.0000     0.548790     -5.33508      5.90400
      49.0000     0.436138     -5.21547      5.96400
      50.0000     0.246065     -5.09586      5.84400
      51.0000    0.0559924     -4.97626      5.49600
      52.0000    -0.134070     -4.81794      5.07600
      53.0000    -0.285432     -4.62091      4.70400
      54.0000    -0.398085     -4.42389      4.32000
      55.0000    -0.549448     -4.22687      3.80400
      56.0000    -0.778230     -3.99113      3.26400
      57.0000     -1.32115     -3.45018      2.23200
      58.0000     -2.39298     -2.39298      0.00000
"P. Walline x-ray"
