"Lavnun 4, Lake Kinneret, Apr. 98 rotated"
"total fish length mm =" 105
"fish mass g =" 8.44
"number of swimbladder chambers=" 2
"x,   z-upper,   z-lower,   width"
"fish body"
      95
      0.00000      0.00000      0.00000      0.00000
      1.00000      1.53352     -1.96648      1.89655
      2.00000      2.29324     -3.04010      3.26207
      3.00000      2.66604     -3.58396      4.17241
      4.00000      3.03884     -4.04449      4.93103
      5.00000      3.41166     -4.50501      5.61379
      6.00000      3.86779     -4.88221      6.14483
      7.00000      4.32394     -5.09273      6.75172
      8.00000      4.69674     -5.30326      7.51034
      9.00000      5.15288     -5.68045      8.04138
      10.0000      5.60903     -6.05764      8.34483
      11.0000      5.98183     -6.35150      8.64828
      12.0000      6.35463     -6.64537      8.80000
      13.0000      6.72745     -6.93922      8.72414
      14.0000      7.10025     -7.14975      8.57242
      15.0000      7.47306     -7.27694      8.49655
      16.0000      7.84587     -7.40414      8.57242
      17.0000      8.21867     -7.53133      8.72414
      18.0000      8.50815     -7.65852      8.87586
      19.0000      8.71429     -7.78572      9.10345
      20.0000      9.00376     -7.91291      9.40690
      21.0000      9.37657     -7.95677      9.63448
      22.0000      9.66604     -8.00063      9.71035
      23.0000      9.78885     -8.12782      9.78621
      24.0000      9.91165     -8.17168      9.93793
      25.0000      10.1178     -8.13221      10.0897
      26.0000      10.3239     -8.17606      10.2414
      27.0000      10.5301     -8.30326      10.3172
      28.0000      10.7362     -8.34712      10.3931
      29.0000      10.9424     -8.30764      10.5448
      30.0000      11.0652     -8.35151      10.6207
      31.0000      11.1046     -8.47870      10.6207
      32.0000      11.1441     -8.52256      10.6207
      33.0000      11.1836     -8.48309      10.6207
      34.0000      11.2231     -8.44361      10.6207
      35.0000      11.2625     -8.40414      10.6207
      36.0000      11.3020     -8.36467      10.6207
      37.0000      11.3415     -8.32519      10.6207
      38.0000      11.3809     -8.28572      10.5448
      39.0000      11.4204     -8.32958      10.3931
      40.0000      11.4599     -8.45675      10.3172
      41.0000      11.4994     -8.50058      10.3172
      42.0000      11.5388     -8.46111      10.3172
      43.0000      11.4950     -8.42163      10.3172
      44.0000      11.3678     -8.38216      10.2414
      45.0000      11.3239     -8.25938      10.0897
      46.0000      11.2801     -8.05326      10.0517
      47.0000      11.1112     -7.88879      10.0897
      48.0000      10.9840     -7.76598      10.0517
      49.0000      10.8985     -7.68484      10.0138
      50.0000      10.7713     -7.64537      10.0138
      51.0000      10.6441     -7.60589      10.0138
      52.0000      10.4336     -7.48309      10.0897
      53.0000      10.2231     -7.27695      10.2414
      54.0000      10.0959     -7.15414      10.2414
      55.0000      9.88534     -7.11467      10.0138
      56.0000      9.67482     -6.99185      9.78621
      57.0000      9.54762     -6.78572      9.71035
      58.0000      9.33709     -6.66291      9.71035
      59.0000      9.04324     -6.62343      9.55862
      60.0000      8.74937     -6.50063      9.25517
      61.0000      8.45551     -6.21116      9.10345
      62.0000      8.16166     -5.92168      8.95173
      63.0000      7.95113     -5.79888      8.64828
      64.0000      7.82394     -5.67606      8.49655
      65.0000      7.61341     -5.46992      8.49655
      66.0000      7.31955     -5.34712      8.42069
      67.0000      7.10903     -5.22431      8.19310
      68.0000      6.98183     -5.01817      7.96552
      69.0000      6.77130     -4.89537      7.81379
      70.0000      6.56078     -4.77256      7.66207
      71.0000      6.43358     -4.56642      7.51034
      72.0000      6.22305     -4.44360      7.35862
      73.0000      5.92920     -4.40413      7.28276
      74.0000      5.63534     -4.36466      7.20690
      75.0000      5.34148     -4.32518      6.97931
      76.0000      5.04762     -4.28571      6.75172
      77.0000      4.75376     -4.24624      6.67586
      78.0000      4.54324     -4.20676      6.60000
      79.0000      4.41604     -4.16729      6.37241
      80.0000      4.28884     -4.12782      6.06896
      81.0000      4.24499     -4.08834      5.84138
      82.0000      4.20113     -4.04887      5.76552
      83.0000      4.07394     -4.00939      5.61379
      84.0000      4.03008     -3.96992      5.23448
      85.0000      4.15288     -3.93045      4.85517
      86.0000      4.35902     -3.89097      4.55172
      87.0000      4.56516     -3.85150      4.24827
      88.0000      4.77130     -3.81203      4.02069
      89.0000      4.97745     -3.85589      3.79310
      90.0000      5.18358     -3.98309      3.41379
      91.0000      5.30640     -4.02695      3.03448
      92.0000      5.34587     -3.98747      2.73103
      93.0000      5.21867     -3.86467      2.50345
      94.0000      3.72541     -2.77459      1.82069
      95.0000 -2.38419e-07 -2.38419e-07      0.00000
"swimbladder chamber 1"
      11
      26.0000     0.811679     0.811679      0.00000
      27.0000      2.20226    -0.268331      4.20895
      28.0000      2.80974    -0.719667      5.59701
      29.0000      2.98157     -1.34196      5.41791
      30.0000      3.06516     -2.40543      5.28358
      31.0000      3.10463     -2.89537      5.32836
      32.0000      3.09999     -2.76765      5.41791
      33.0000      3.00711     -2.59583      5.50746
      34.0000      2.82600     -2.55635      5.50746
      35.0000      2.60077     -2.51688      5.37313
      36.0000      1.91002     -1.75175      3.94030
      37.0000     0.244116     0.244116      0.00000
"swimbladder chamber 2"
      13
      39.0000    -0.423256    -0.423256      0.00000
      40.0000      1.70781     -2.08360      3.98473
      41.0000      2.49937     -2.58038      5.54198
      42.0000      2.53885     -2.50410      5.77099
      43.0000      2.46789     -2.53824      5.95420
      44.0000      2.36012     -2.68282      6.00000
      45.0000      2.21555     -2.86420      5.86260
      46.0000      1.96054     -3.00878      5.67939
      47.0000      1.59511     -3.11655      5.45038
      48.0000      1.22968     -3.18750      5.03817
      49.0000     0.864240     -3.18484      4.48855
      50.0000     0.351564     -3.14537      3.93893
      51.0000    -0.527262     -2.80947      2.65649
      52.0000     -1.88798     -1.88798      0.00000
"P. Walline x-ray"
