<meta>

    Title = Sardine
    Fish_Length =  210.00
    Fish_Mass =  -99.00
    nsb =  1
    Bladder_Type =  0
    Rotated = NA
    Smoothed[lfb,dfb,lsb,dsb] = 0,0,0,0
    Images = NA
    Preparer = Josiah Renfree
   
    modified data from Josiah by closing the ends and add to length

    File created: 11 March 2011

</meta>
x       z-upper   z-lower   width      stbd      port
fishbody
380
0.00	0.00	0.00	0.00
0.56	3.61	-3.61	4.44
1.12	3.61	-4.17	4.44
1.67	4.17	-4.17	5.56
2.23	4.17	-4.72	5.56
2.78	4.72	-5.28	6.11
3.34	4.72	-5.28	6.67
3.89	5.28	-5.83	7.22
4.45	5.28	-6.39	7.22
5.00	5.83	-6.39	8.33
5.56	5.83	-6.94	8.33
6.12	5.83	-7.50	8.33
6.67	6.39	-8.06	9.44
7.23	6.39	-8.06	9.44
7.78	6.94	-8.61	9.44
8.34	6.94	-9.17	10.56
8.89	7.50	-9.72	10.56
9.45	7.50	-9.72	10.56
10.00	8.06	-10.28	11.67
10.56	8.06	-10.83	11.67
11.12	8.06	-10.83	11.67
11.67	8.06	-11.39	11.67
12.23	8.61	-11.39	12.78
12.78	8.61	-11.39	12.78
13.34	8.61	-11.94	12.78
13.89	8.61	-11.94	12.78
14.45	9.17	-11.94	13.89
15.00	9.17	-12.50	13.89
15.56	9.17	-12.50	13.89
16.12	9.17	-13.06	13.89
16.67	9.72	-13.06	14.44
17.23	9.72	-13.61	15.00
17.78	9.72	-14.17	15.00
18.34	10.28	-14.17	15.56
18.89	10.28	-14.72	15.56
19.45	10.28	-15.28	16.11
20.00	10.83	-15.28	16.67
20.56	10.83	-15.83	16.67
21.12	10.83	-15.83	16.67
21.67	11.39	-15.83	16.67
22.23	11.39	-16.39	17.22
22.78	11.39	-16.39	17.22
23.34	11.94	-16.39	17.78
23.89	11.94	-16.39	17.78
24.45	11.94	-16.94	18.33
25.00	12.50	-16.94	18.33
25.56	12.50	-16.94	18.33
26.12	12.50	-16.94	18.33
26.67	13.06	-17.50	18.33
27.23	13.06	-17.50	19.44
27.78	13.06	-17.50	19.44
28.34	13.61	-18.06	19.44
28.89	13.61	-18.06	19.44
29.45	13.61	-18.06	20.56
30.00	14.17	-18.61	20.56
30.56	14.17	-18.61	20.56
31.12	14.17	-18.61	20.56
31.67	14.17	-19.17	20.56
32.23	14.17	-19.17	20.56
32.78	14.17	-19.17	20.56
33.34	14.72	-19.72	21.67
33.89	14.72	-19.72	21.67
34.45	14.72	-19.72	21.67
35.00	14.72	-20.28	21.67
35.56	14.72	-20.28	21.67
36.12	14.72	-20.28	21.67
36.67	14.72	-20.28	21.67
37.23	14.72	-20.83	22.22
37.78	14.72	-20.83	22.22
38.34	15.28	-20.83	22.78
38.89	15.28	-20.83	22.78
39.45	15.28	-21.39	23.33
40.00	15.28	-21.39	23.33
40.56	15.28	-21.39	23.33
41.12	15.28	-21.39	23.33
41.67	15.28	-21.39	23.33
42.23	15.28	-21.94	23.33
42.78	15.28	-21.94	23.33
43.34	15.83	-21.94	23.89
43.89	15.83	-21.94	23.89
44.45	15.83	-22.50	23.89
45.00	15.83	-22.50	23.89
45.56	15.83	-22.50	23.89
46.12	15.83	-22.50	23.89
46.67	15.83	-22.50	23.89
47.23	15.83	-23.06	23.89
47.78	15.83	-23.06	23.89
48.34	15.83	-23.06	25.00
48.89	15.83	-23.06	25.00
49.45	15.83	-23.61	25.00
50.00	15.83	-23.61	25.00
50.56	15.83	-23.61	25.00
51.12	15.83	-23.61	25.00
51.67	15.83	-23.61	25.00
52.23	15.83	-24.17	25.00
52.78	15.83	-24.17	25.00
53.34	16.39	-24.17	25.56
53.89	16.39	-24.17	25.56
54.45	16.39	-24.72	25.56
55.00	16.39	-24.72	25.56
55.56	16.39	-24.72	25.56
56.12	16.39	-24.72	25.56
56.67	16.39	-24.72	25.56
57.23	16.39	-24.72	25.56
57.78	16.39	-24.72	25.56
58.34	16.94	-24.17	25.56
58.89	16.94	-24.17	25.56
59.45	16.94	-24.17	25.56
60.00	16.94	-24.17	25.56
60.56	16.94	-24.17	25.56
61.12	16.94	-24.17	25.56
61.67	16.94	-24.17	25.56
62.23	16.94	-24.17	25.56
62.78	16.94	-24.17	25.56
63.34	17.50	-24.72	26.11
63.89	17.50	-24.72	26.11
64.45	17.50	-24.72	26.11
65.00	17.50	-24.72	26.11
65.56	17.50	-24.72	26.11
66.12	17.50	-24.72	26.11
66.67	17.50	-24.72	26.11
67.23	17.50	-24.72	26.11
67.78	17.50	-24.72	26.11
68.34	18.06	-24.72	26.67
68.89	18.06	-24.72	26.67
69.45	18.06	-24.72	26.67
70.00	18.06	-24.72	26.67
70.56	18.06	-24.72	26.67
71.12	18.06	-24.72	26.67
71.67	18.06	-24.72	26.67
72.23	18.06	-24.72	26.67
72.78	18.06	-24.72	26.67
73.34	18.06	-24.72	26.67
73.89	18.06	-24.72	26.67
74.45	18.06	-24.72	26.67
75.00	18.06	-24.72	26.67
75.56	18.06	-24.72	26.67
76.12	18.06	-24.72	26.67
76.67	18.06	-24.72	26.67
77.23	18.06	-24.72	26.67
77.78	18.06	-24.72	26.67
78.34	18.06	-24.72	26.67
78.89	18.06	-24.72	26.67
79.45	18.06	-24.72	26.67
80.00	18.06	-24.72	26.67
80.56	18.06	-24.72	26.67
81.12	18.06	-24.72	26.67
81.67	18.06	-24.72	26.67
82.23	18.06	-24.72	26.67
82.78	18.06	-24.72	26.67
83.34	18.06	-24.17	26.11
83.89	18.06	-24.17	26.11
84.45	18.06	-24.17	26.11
85.00	18.06	-24.17	26.11
85.56	18.06	-24.17	26.11
86.12	18.06	-24.17	26.11
86.67	18.06	-24.17	26.11
87.23	18.06	-24.17	26.11
87.78	18.06	-24.17	26.11
88.34	18.61	-23.61	26.11
88.89	18.61	-23.61	26.11
89.45	18.61	-23.61	26.11
90.00	18.61	-23.61	26.11
90.56	18.61	-23.61	26.11
91.12	18.61	-23.61	26.11
91.67	18.61	-23.61	26.11
92.23	18.61	-23.61	26.11
92.78	18.61	-23.61	26.11
93.34	18.06	-24.17	26.11
93.89	18.06	-24.17	26.11
94.45	18.06	-24.17	26.11
95.00	18.06	-24.17	26.11
95.56	18.06	-24.17	26.11
96.12	18.06	-24.17	26.11
96.67	18.06	-24.17	26.11
97.23	18.06	-24.17	26.11
97.78	18.06	-24.17	26.11
98.34	17.50	-24.17	26.11
98.89	17.50	-24.17	26.11
99.45	17.50	-24.17	26.11
100.00	17.50	-24.17	26.11
100.56	17.50	-24.17	26.11
101.12	17.50	-24.17	26.11
101.67	17.50	-24.17	26.11
102.23	16.94	-24.17	26.11
102.78	16.94	-24.17	26.11
103.34	16.94	-24.17	25.56
103.89	16.94	-24.17	25.56
104.45	16.39	-24.17	25.56
105.00	16.39	-24.17	25.56
105.56	16.39	-24.17	25.56
106.12	16.39	-24.17	25.56
106.67	16.39	-24.17	25.56
107.23	16.39	-24.17	25.56
107.78	16.39	-24.17	25.56
108.34	15.83	-24.17	25.00
108.89	15.83	-24.17	25.00
109.45	15.83	-24.17	25.00
110.00	15.83	-24.17	25.00
110.56	15.83	-24.17	25.00
111.12	15.83	-24.17	25.00
111.67	15.83	-24.17	25.00
112.23	15.83	-24.17	25.00
112.78	15.83	-24.17	25.00
113.34	15.28	-23.61	24.44
113.89	15.28	-23.61	24.44
114.45	15.28	-23.61	24.44
115.00	15.28	-23.61	24.44
115.56	15.28	-23.61	24.44
116.12	15.28	-23.61	24.44
116.67	15.28	-23.61	24.44
117.23	15.28	-23.61	24.44
117.78	15.28	-23.61	24.44
118.34	14.72	-23.06	23.89
118.89	14.72	-23.06	23.89
119.45	14.72	-23.06	23.89
120.00	14.72	-23.06	23.89
120.56	14.72	-23.06	23.89
121.12	14.72	-23.06	23.89
121.67	14.72	-23.06	23.89
122.23	14.72	-23.06	23.89
122.78	14.72	-23.06	23.89
123.34	14.17	-22.50	23.33
123.89	14.17	-22.50	23.33
124.45	14.17	-22.50	23.33
125.00	14.17	-22.50	23.33
125.56	14.17	-22.50	23.33
126.12	14.17	-22.50	23.33
126.67	14.17	-22.50	23.33
127.23	14.17	-21.94	23.33
127.78	14.17	-21.94	23.33
128.34	14.17	-21.94	22.22
128.89	14.17	-21.94	22.22
129.45	14.17	-21.39	22.22
130.00	14.17	-21.39	22.22
130.56	14.17	-21.39	22.22
131.12	14.17	-21.39	22.22
131.67	14.17	-21.39	22.22
132.23	13.61	-21.39	22.22
132.78	13.61	-21.39	22.22
133.34	13.61	-21.94	21.67
133.89	13.61	-21.94	21.67
134.45	13.06	-21.94	21.67
135.00	13.06	-21.94	21.67
135.56	13.06	-21.94	21.67
136.12	13.06	-21.94	21.67
136.67	13.06	-21.94	21.67
137.23	13.06	-21.39	21.67
137.78	13.06	-21.39	21.67
138.34	12.50	-21.39	20.56
138.89	12.50	-21.39	20.56
139.45	12.50	-20.83	20.56
140.00	12.50	-20.83	20.56
140.56	12.50	-20.83	20.56
141.12	12.50	-20.83	20.56
141.67	12.50	-20.83	20.56
142.23	12.50	-20.83	20.56
142.78	12.50	-20.83	20.56
143.34	11.94	-20.28	20.00
143.89	11.94	-20.28	20.00
144.45	11.94	-20.28	20.00
145.00	11.94	-20.28	20.00
145.56	11.94	-20.28	20.00
146.12	11.94	-20.28	20.00
146.67	11.94	-20.28	20.00
147.23	11.39	-20.28	20.00
147.78	11.39	-20.28	20.00
148.34	11.39	-19.72	19.44
148.89	11.39	-19.72	19.44
149.45	10.83	-19.72	19.44
150.00	10.83	-19.72	19.44
150.56	10.83	-19.72	19.44
151.12	10.83	-19.72	19.44
151.67	10.83	-19.17	19.44
152.23	10.83	-19.17	18.89
152.78	10.83	-19.17	18.89
153.34	10.28	-18.61	18.33
153.89	10.28	-18.61	18.33
154.45	10.28	-18.61	17.78
155.00	10.28	-18.06	17.78
155.56	10.28	-18.06	17.78
156.12	10.28	-18.06	17.78
156.67	10.28	-17.50	17.78
157.23	10.28	-17.50	17.78
157.78	10.28	-17.50	17.78
158.34	9.72	-16.94	16.67
158.89	9.72	-16.94	16.67
159.45	9.72	-16.94	16.67
160.00	9.72	-16.39	16.67
160.56	9.72	-16.39	16.67
161.12	9.72	-16.39	16.67
161.67	9.72	-16.39	16.67
162.23	9.72	-16.39	16.67
162.78	9.72	-16.39	16.67
163.34	9.17	-16.39	16.11
163.89	9.17	-16.39	16.11
164.45	9.17	-16.39	16.11
165.00	9.17	-16.39	16.11
165.56	9.17	-16.39	16.11
166.12	9.17	-16.39	16.11
166.67	9.17	-15.83	16.11
167.23	9.17	-15.83	16.11
167.78	9.17	-15.83	16.11
168.34	9.17	-15.28	15.00
168.89	9.17	-15.28	15.00
169.45	9.17	-15.28	15.00
170.00	9.17	-14.72	15.00
170.56	9.17	-14.72	15.00
171.12	9.17	-14.72	15.00
171.67	9.17	-14.17	15.00
172.23	9.17	-14.17	14.44
172.78	9.17	-14.17	14.44
173.34	8.61	-13.61	13.89
173.89	8.61	-13.61	13.89
174.45	8.61	-13.61	13.33
175.00	8.61	-13.06	13.33
175.56	8.61	-13.06	13.33
176.12	8.61	-13.06	13.33
176.67	8.61	-12.50	13.33
177.23	8.61	-12.50	13.33
177.78	8.61	-12.50	13.33
178.34	8.06	-11.94	12.22
178.89	8.06	-11.94	12.22
179.45	8.06	-11.94	12.22
180.00	8.06	-11.39	12.22
180.56	8.06	-11.39	12.22
181.12	8.06	-11.39	12.22
181.67	8.06	-11.39	12.22
182.23	8.06	-10.83	12.22
182.78	8.06	-10.83	12.22
183.34	8.06	-10.83	11.11
183.89	8.06	-10.83	11.11
184.45	8.06	-10.28	11.11
185.00	8.06	-10.28	11.11
185.56	8.06	-10.28	11.11
186.12	8.06	-10.28	11.11
186.67	8.06	-10.28	11.11
187.23	7.50	-9.72	11.11
187.78	7.50	-9.72	11.11
188.34	7.50	-9.72	10.00
188.89	7.50	-9.72	10.00
189.45	6.94	-9.17	10.00
190.00	6.94	-9.17	10.00
190.56	6.94	-9.17	10.00
191.12	6.94	-9.17	10.00
191.67	6.94	-8.61	10.00
192.23	6.94	-8.61	9.44
192.78	6.94	-8.06	9.44
193.34	6.39	-8.06	8.89
193.89	6.39	-7.50	8.89
194.45	6.39	-7.50	8.33
195.00	6.39	-6.94	8.33
195.56	6.39	-6.94	8.33
196.12	6.39	-6.94	8.33
196.67	6.39	-6.94	8.33
197.23	6.39	-6.94	8.33
197.78	6.39	-6.94	8.33
198.34	6.39	-6.39	8.33
198.89	6.39	-6.39	8.33
199.45	6.39	-6.39	8.33
200.00	6.39	-6.39	8.33
200.56	6.39	-6.39	8.33
201.12	6.39	-6.39	8.33
201.67	6.39	-6.39	8.33
202.23	6.39	-6.39	8.33
202.78	6.39	-6.39	8.33
203.34	6.39	-6.39	8.33
203.89	6.39	-6.39	8.33
204.45	6.39	-6.39	8.33
205.00	6.39	-6.39	8.33
205.56	6.39	-6.39	8.33
206.12	6.39	-6.39	8.33
206.67	6.39	-6.39	8.33
207.23	6.39	-6.39	8.33
207.78	6.39	-6.39	8.33
208.34	6.39	-6.39	8.33
208.89	6.39	-6.39	8.33
209.45	6.39	-6.39	8.33
210.00	6.39	-6.39	8.33
210.56	5.83	-6.39	8.33
211.00	0.00	0.00	0.00
swimbladder 0
155
65.00	0.28	0.28	0.00
65.56	2.50	-1.94	5.00
66.11	2.50	-2.50	5.00
66.67	2.50	-3.06	6.11
67.22	2.50	-3.61	6.11
67.78	2.50	-4.17	6.67
68.33	1.94	-4.72	7.22
68.89	1.94	-5.28	7.78
69.44	1.94	-5.83	7.78
70.00	1.94	-6.39	8.89
70.55	1.94	-6.94	8.89
71.11	1.94	-7.50	8.89
71.66	1.94	-8.06	10.00
72.22	1.39	-8.61	10.00
72.77	1.39	-9.17	10.56
73.33	1.39	-9.72	11.11
73.88	1.39	-10.28	11.67
74.44	0.83	-10.83	11.67
74.99	0.83	-11.39	12.78
75.55	0.83	-11.94	12.78
76.10	0.83	-12.50	12.78
76.66	0.83	-12.50	12.78
77.21	0.28	-13.06	13.89
77.77	0.28	-13.61	13.89
78.32	0.28	-13.61	13.89
78.88	0.28	-14.17	13.89
79.43	-0.28	-14.72	15.00
79.99	-0.28	-14.72	15.00
80.54	-0.28	-15.28	15.00
81.10	-0.28	-15.28	15.00
81.65	-0.28	-15.28	15.00
82.21	-0.28	-15.83	15.00
82.76	-0.28	-15.83	15.00
83.32	-0.83	-15.83	15.56
83.87	-0.83	-15.83	15.56
84.43	-0.83	-16.39	15.56
84.98	-0.83	-16.39	15.56
85.54	-0.83	-16.39	15.56
86.09	-0.83	-16.39	15.56
86.65	-0.83	-16.39	15.56
87.20	-1.39	-16.39	15.56
87.76	-1.39	-16.39	15.56
88.31	-1.39	-16.39	14.44
88.87	-1.39	-16.39	14.44
89.42	-1.94	-16.39	14.44
89.98	-1.94	-16.39	14.44
90.53	-1.94	-16.39	14.44
91.09	-1.94	-16.39	14.44
91.64	-2.50	-16.39	14.44
92.20	-2.50	-16.94	14.44
92.75	-2.50	-16.94	14.44
93.31	-3.06	-16.94	13.89
93.86	-3.06	-16.94	13.89
94.42	-3.06	-17.50	13.89
94.97	-3.61	-17.50	13.89
95.53	-3.61	-17.50	13.89
96.08	-3.61	-17.50	13.89
96.64	-4.17	-17.50	13.89
97.19	-4.17	-17.50	13.89
97.75	-4.17	-17.50	13.89
98.30	-4.72	-18.06	12.78
98.86	-4.72	-18.06	12.78
99.41	-4.72	-18.06	12.78
99.97	-5.28	-18.06	12.78
100.52	-5.28	-18.06	12.78
101.08	-5.28	-18.06	12.78
101.63	-5.28	-18.06	12.78
102.19	-5.83	-18.06	12.78
102.74	-5.83	-18.06	12.78
103.30	-5.83	-18.06	11.67
103.85	-5.83	-18.06	11.67
104.41	-6.39	-18.06	11.67
104.96	-6.39	-18.06	11.67
105.52	-6.39	-18.06	11.67
106.07	-6.39	-18.06	11.67
106.63	-6.94	-18.06	11.67
107.18	-6.94	-18.06	11.67
107.74	-6.94	-18.06	11.67
108.29	-7.50	-18.61	10.56
108.85	-7.50	-18.61	10.56
109.40	-7.50	-18.61	10.56
109.96	-8.06	-18.61	10.56
110.51	-8.06	-18.61	10.56
111.07	-8.06	-18.61	10.56
111.62	-8.06	-18.61	10.56
112.18	-8.06	-18.61	10.56
112.73	-8.06	-18.61	10.56
113.29	-8.61	-18.06	9.44
113.84	-8.61	-18.06	9.44
114.40	-8.61	-18.06	9.44
114.95	-8.61	-18.06	9.44
115.51	-8.61	-18.06	9.44
116.06	-8.61	-18.06	9.44
116.62	-8.61	-18.06	9.44
117.17	-8.61	-18.06	9.44
117.73	-8.61	-18.06	9.44
118.28	-9.17	-18.06	8.89
118.84	-9.17	-18.06	8.89
119.39	-9.17	-18.06	8.89
119.95	-9.17	-18.06	8.89
120.50	-9.17	-18.06	8.89
121.06	-9.17	-18.06	8.89
121.61	-9.17	-18.06	8.89
122.17	-9.17	-18.06	8.89
122.72	-9.17	-18.06	8.89
123.28	-9.17	-17.50	8.33
123.83	-9.17	-17.50	8.33
124.39	-9.17	-17.50	8.33
124.94	-9.17	-17.50	8.33
125.50	-9.17	-17.50	8.33
126.05	-9.17	-17.50	8.33
126.61	-9.17	-17.50	8.33
127.16	-9.17	-17.50	8.33
127.72	-9.17	-17.50	8.33
128.27	-9.72	-17.50	7.22
128.83	-9.72	-17.50	7.22
129.38	-9.72	-17.50	7.22
129.94	-9.72	-17.50	7.22
130.49	-9.72	-17.50	7.22
131.05	-9.72	-17.50	7.22
131.60	-9.72	-17.50	7.22
132.16	-10.28	-16.94	7.22
132.71	-10.28	-16.94	7.22
133.27	-10.28	-16.94	6.11
133.82	-10.28	-16.94	6.11
134.38	-10.83	-16.39	6.11
134.93	-10.83	-16.39	6.11
135.49	-10.83	-16.39	6.11
136.04	-10.83	-16.39	6.11
136.60	-10.83	-16.39	6.11
137.15	-10.83	-16.39	5.00
137.71	-10.83	-16.39	5.00
138.26	-11.39	-15.83	5.00
138.82	-11.39	-15.83	5.00
139.37	-11.39	-15.83	3.89
139.93	-11.39	-15.83	3.89
140.48	-11.39	-15.83	3.89
141.04	-11.39	-15.83	3.89
141.59	-11.94	-15.83	3.89
142.15	-11.94	-15.28	2.78
142.70	-11.94	-15.28	2.78
143.26	-12.50	-15.28	2.78
143.81	-12.50	-15.28	2.78
144.37	-12.50	-14.72	1.67
144.92	-13.06	-14.72	1.67
145.48	-13.06	-14.72	1.67
146.03	-13.06	-14.72	1.67
146.59	-13.06	-14.72	1.67
147.14	-13.06	-14.72	1.67
147.70	-13.06	-14.72	1.67
148.25	-13.06	-14.72	1.67
148.81	-13.06	-14.72	1.67
149.36	-13.06	-14.72	1.67
149.92	-13.06	-14.72	1.67
150.47	-13.61	-14.72	1.67
151.00	-14.17	-14.17	0.00