"Walleye Pollock 17, Newport  OR, cl=390"
"total fish length mm =" 390
"fish mass g =" 999
"number of swimbladder chambers=" 1
"x,   z-upper,   z-lower,   width"
"fish body"
         390
     0.000000     0.000000     0.000000     0.000000
      1.00000      8.33101     -4.50696      5.01781
      2.00000      12.2917     -6.96529      8.21883
      3.00000      13.6574     -8.19446      10.1221
      4.00000      14.6134     -9.01390      11.4198
      5.00000      15.4329     -9.42362      12.3715
      6.00000      16.2523     -9.83334      13.1501
      7.00000      17.0717     -10.3796      13.8422
      8.00000      17.7546     -10.7894      14.5343
      9.00000      18.1643     -11.0625      15.2265
      10.0000      18.5741     -11.6088      15.9186
      11.0000      19.1204     -12.4283      16.5242
      12.0000      19.6667     -13.1111      17.0433
      13.0000      20.0764     -13.6574      17.4758
      14.0000      20.3495     -14.2037      17.9084
      15.0000      20.6227     -14.7500      18.4275
      16.0000      20.8958     -15.2963      18.7735
      17.0000      21.1690     -15.7060      19.2061
      18.0000      21.4421     -15.8426      19.8982
      19.0000      21.8518     -15.9792      20.4173
      20.0000      22.2616     -16.3889      20.6768
      21.0000      22.3981     -16.9352      20.9364
      22.0000      22.5347     -17.3449      21.3690
      23.0000      22.8079     -17.7546      21.8015
      24.0000      22.9444     -18.3009      22.1476
      25.0000      23.0810     -18.8472      22.5802
      26.0000      23.3541     -19.3935      23.0127
      27.0000      23.4907     -19.8033      23.1857
      28.0000      23.4907     -20.2130      23.3588
      29.0000      23.4907     -20.7593      23.7913
      30.0000      23.6273     -21.3056      24.2239
      31.0000      23.9004     -21.9884      24.6565
      32.0000      24.0370     -22.6713      25.0025
      33.0000      24.0370     -23.0810      25.0891
      34.0000      24.0370     -23.4908      25.1756
      35.0000      24.0370     -24.1736      25.4351
      36.0000      24.1736     -24.9931      25.9542
      37.0000      24.4467     -25.5394      26.6463
      38.0000      24.5833     -25.8125      27.1654
      39.0000      24.5833     -26.2222      27.4249
      40.0000      24.7199     -26.7685      27.5980
      41.0000      24.9930     -27.3148      27.8575
      42.0000      25.1296     -27.7245      28.3766
      43.0000      25.1296     -27.9977      28.9822
      44.0000      25.2662     -28.5440      29.5878
      45.0000      25.5393     -29.2269      30.1934
      46.0000      25.6759     -29.6366      30.5394
      47.0000      25.8125     -30.0463      30.7990
      48.0000      26.0856     -30.5926      31.2315
      49.0000      26.2222     -31.0023      31.8371
      50.0000      26.3588     -31.2755      32.4427
      51.0000      26.6319     -31.5486      32.7023
      52.0000      26.9051     -31.9583      32.7888
      53.0000      27.1782     -32.5046      33.0483
      54.0000      27.4514     -32.9144      33.3944
      55.0000      27.7245     -33.3241      33.7405
      56.0000      27.9977     -33.8704      34.0865
      57.0000      28.4074     -34.4167      34.3461
      58.0000      28.8171     -34.8264      34.4326
      59.0000      29.0903     -35.0995      34.6056
      60.0000      29.3634     -35.3727      34.9517
      61.0000      29.5000     -35.6458      35.2977
      62.0000      29.6366     -36.0556      35.6438
      63.0000      30.0463     -36.4653      35.9033
      64.0000      30.4560     -36.7384      35.9033
      65.0000      30.5926     -37.0116      35.8168
      66.0000      30.7291     -37.1482      35.9033
      67.0000      31.1389     -37.2847      36.1628
      68.0000      31.5486     -37.5579      36.4224
      69.0000      31.6852     -37.8310      36.4224
      70.0000      31.8218     -38.1042      36.4224
      71.0000      32.0949     -38.3773      36.5089
      72.0000      32.2315     -38.6505      36.5089
      73.0000      32.3680     -38.9236      36.5954
      74.0000      32.6412     -39.1968      36.6819
      75.0000      32.7778     -39.3333      36.7684
      76.0000      32.9143     -39.4699      36.8550
      77.0000      33.1875     -39.7431      36.6819
      78.0000      33.4606     -39.8796      36.4224
      79.0000      33.7338     -39.8796      36.4224
      80.0000      33.8704     -40.0162      36.5954
      81.0000      34.0069     -40.2894      36.7685
      82.0000      34.4167     -40.4259      36.9415
      83.0000      34.9629     -40.4259      37.0280
      84.0000      35.3727     -40.4259      37.0280
      85.0000      35.6458     -40.4259      37.2010
      86.0000      35.9190     -40.4259      37.5471
      87.0000      36.0555     -40.4259      37.8066
      88.0000      36.1921     -40.5625      37.9796
      89.0000      36.4653     -40.8357      38.1527
      90.0000      36.6018     -41.1088      38.2392
      91.0000      36.6018     -41.3820      38.2392
      92.0000      36.7384     -41.5185      38.4122
      93.0000      37.0116     -41.6551      38.6718
      94.0000      37.1481     -41.9282      38.8448
      95.0000      37.2847     -42.0648      39.1043
      96.0000      37.5578     -42.2014      39.3639
      97.0000      37.6944     -42.6111      39.4504
      98.0000      37.6944     -43.0208      39.6234
      99.0000      37.6944     -43.1574      39.8829
      100.000      37.8310     -43.2940      39.9695
      101.000      38.1041     -43.7037      40.1425
      102.000      38.2407     -44.1134      40.3155
      103.000      38.2407     -44.2500      40.3155
      104.000      38.2407     -44.3866      40.4020
      105.000      38.3773     -44.7963      40.6616
      106.000      38.6504     -45.2060      40.9211
      107.000      38.7870     -45.3426      40.9211
      108.000      38.7870     -45.4792      40.8346
      109.000      38.7870     -45.7523      40.8346
      110.000      38.7870     -46.0255      40.7481
      111.000      38.7870     -46.2986      40.6616
      112.000      38.7870     -46.5718      40.8346
      113.000      38.7870     -46.8449      41.0941
      114.000      38.9236     -46.9815      41.1807
      115.000      39.1967     -47.1181      41.0942
      116.000      39.3333     -47.3912      40.9211
      117.000      39.3333     -47.6644      40.9211
      118.000      39.3333     -47.9375      41.1807
      119.000      39.3333     -48.0741      41.4402
      120.000      39.3333     -48.0741      41.4402
      121.000      39.3333     -48.0741      41.1807
      122.000      39.3333     -48.2107      41.0076
      123.000      39.3333     -48.4838      41.2672
      124.000      39.3333     -48.6204      41.6132
      125.000      39.3333     -48.6204      41.5267
      126.000      39.3333     -48.6204      41.2672
      127.000      39.3333     -48.6204      41.1807
      128.000      39.3333     -48.6204      41.0941
      129.000      39.3333     -48.6204      40.8346
      130.000      39.3333     -48.6204      40.6616
      131.000      39.3333     -48.6204      40.7481
      132.000      39.3333     -48.6204      40.7481
      133.000      39.3333     -48.7570      40.5751
      134.000      39.3333     -49.0301      40.4020
      135.000      39.3333     -49.1667      40.2290
      136.000      39.3333     -49.1667      40.1425
      137.000      39.1967     -49.1667      40.1425
      138.000      38.9236     -49.1667      40.1425
      139.000      38.7870     -49.1667      40.1425
      140.000      38.7870     -49.1667      40.0560
      141.000      38.7870     -49.1667      39.7964
      142.000      38.7870     -49.1667      39.6234
      143.000      38.7870     -49.1667      39.7099
      144.000      38.7870     -49.1667      39.7964
      145.000      38.7870     -49.1667      39.7964
      146.000      38.7870     -49.1667      39.7964
      147.000      38.7870     -49.1667      39.7099
      148.000      38.7870     -49.0301      39.6234
      149.000      38.7870     -48.7570      39.7099
      150.000      38.6504     -48.6204      39.7964
      151.000      38.3773     -48.4838      39.7964
      152.000      38.1041     -48.2107      39.7099
      153.000      37.6944     -48.0741      39.3639
      154.000      37.2847     -48.0741      39.0178
      155.000      37.0116     -48.0741      39.0178
      156.000      36.7384     -48.0741      39.1043
      157.000      36.4653     -48.0741      39.1043
      158.000      36.1921     -48.0741      39.0178
      159.000      35.9190     -48.0741      38.6718
      160.000      35.6458     -48.2107      38.2392
      161.000      35.3727     -48.3472      38.1527
      162.000      34.9629     -48.2107      38.3257
      163.000      34.5532     -48.0741      38.4122
      164.000      34.2801     -48.0741      38.4122
      165.000      34.0069     -47.9375      38.2392
      166.000      33.7338     -47.6644      37.8066
      167.000      33.4606     -47.5278      37.5471
      168.000      33.1875     -47.5278      37.6336
      169.000      32.9143     -47.3912      37.7201
      170.000      32.6412     -47.1181      37.7201
      171.000      32.3680     -46.9815      37.5471
      172.000      32.2315     -46.9815      37.2010
      173.000      32.0949     -46.8449      36.9415
      174.000      31.8218     -46.5718      36.6819
      175.000      31.6852     -46.4352      36.4224
      176.000      31.6852     -46.4352      36.3359
      177.000      31.5486     -46.2986      36.1628
      178.000      31.2754     -46.0255      35.8168
      179.000      31.1389     -45.8889      35.5573
      180.000      31.1389     -45.8889      35.4707
      181.000      31.1389     -45.7523      35.4707
      182.000      31.1389     -45.4792      35.2977
      183.000      31.1389     -45.3426      34.9517
      184.000      31.1389     -45.2060      34.6921
      185.000      31.1389     -44.9329      34.5191
      186.000      31.1389     -44.7963      34.3461
      187.000      31.1389     -44.6597      34.2595
      188.000      31.0023     -44.3866      34.1730
      189.000      30.7291     -44.2500      33.8270
      190.000      30.5926     -44.1134      33.3079
      191.000      30.5926     -43.7037      32.9618
      192.000      30.5926     -43.2940      32.8753
      193.000      30.4560     -43.1574      32.7888
      194.000      30.1829     -43.0208      32.4427
      195.000      30.0463     -42.6111      31.9237
      196.000      29.7731     -42.0648      31.4911
      197.000      29.2268     -41.6551      30.9720
      198.000      28.9537     -41.3820      30.3664
      199.000      28.9537     -40.9722      30.0204
      200.000      28.8171     -40.5625      29.8473
      201.000      28.5440     -40.2894      29.8473
      202.000      28.4074     -40.0162      30.0636
      203.000      28.2708     -39.7431      30.1934
      204.000      27.9977     -39.3333      30.0636
      205.000      27.8611     -38.9236      29.8473
      206.000      27.7245     -38.6505      29.6743
      207.000      27.4514     -38.3773      29.4148
      208.000      27.3148     -38.1042      29.1552
      209.000      27.1782     -37.8310      28.9822
      210.000      26.9051     -37.6945      28.8092
      211.000      26.7685     -37.5579      28.7226
      212.000      26.6319     -37.2847      28.7226
      213.000      26.3588     -37.1482      28.6361
      214.000      26.0856     -37.0116      28.3766
      215.000      25.8125     -36.7384      28.1170
      216.000      25.6759     -36.6019      27.9440
      217.000      25.6076     -36.6019      27.8575
      218.000      25.4711     -36.3970      27.8575
      219.000      25.4028     -35.9873      27.6845
      220.000      25.2662     -35.7824      27.3384
      221.000      24.9930     -35.7824      27.0789
      222.000      24.8565     -35.6458      26.9058
      223.000      24.7199     -35.3727      26.8193
      224.000      24.4468     -35.2361      26.8193
      225.000      24.3102     -35.2361      26.6463
      226.000      24.3102     -35.2361      26.3003
      227.000      24.3102     -35.0995      25.9542
      228.000      24.3102     -34.6898      25.6081
      229.000      24.3102     -34.2801      25.3486
      230.000      24.3102     -34.1435      25.1756
      231.000      24.1736     -34.1435      24.9160
      232.000      23.9004     -34.0070      24.5700
      233.000      23.7639     -33.7338      24.2239
      234.000      23.7639     -33.4607      23.9644
      235.000      23.7639     -33.1875      23.7913
      236.000      23.7639     -33.0509      23.7048
      237.000      23.7639     -32.9144      23.7048
      238.000      23.6273     -32.6412      23.4453
      239.000      23.3541     -32.3681      23.0127
      240.000      23.2176     -32.0949      22.9262
      241.000      23.2176     -31.8218      23.0992
      242.000      23.2176     -31.5486      23.1857
      243.000      23.2176     -31.2755      23.0992
      244.000      23.0810     -31.0023      22.8397
      245.000      22.8079     -30.7292      22.4936
      246.000      22.6713     -30.4560      22.1476
      247.000      22.6713     -30.1829      21.8880
      248.000      22.6713     -29.9097      21.8015
      249.000      22.5347     -29.7732      21.8015
      250.000      22.2616     -29.6366      21.7150
      251.000      22.1250     -29.3634      21.4555
      252.000      22.1250     -29.0903      21.1959
      253.000      21.9884     -28.8171      21.0229
      254.000      21.7153     -28.5440      20.9364
      255.000      21.5787     -28.2708      20.9364
      256.000      21.4421     -28.1343      20.8499
      257.000      21.1690     -27.9977      20.6768
      258.000      21.0324     -27.7245      20.5038
      259.000      21.0324     -27.5880      20.3308
      260.000      20.8958     -27.5880      20.2443
      261.000      20.6227     -27.4514      20.2443
      262.000      20.4861     -27.1783      20.1578
      263.000      20.4861     -27.0417      19.9847
      264.000      20.4861     -26.9051      19.8117
      265.000      20.3495     -26.6320      19.7252
      266.000      20.0764     -26.4954      19.7252
      267.000      19.9398     -26.4954      19.7252
      268.000      19.9398     -26.4954      19.7252
      269.000      19.9398     -26.4954      19.5522
      270.000      19.9398     -26.4954      19.2926
      271.000      19.9398     -26.4954      19.2926
      272.000      19.9398     -26.4954      19.3791
      273.000      19.9398     -26.4954      19.3791
      274.000      19.9398     -26.3588      19.3791
      275.000      19.9398     -26.0857      19.2061
      276.000      19.9398     -26.0857      18.8601
      277.000      19.8032     -26.3588      18.7735
      278.000      19.5301     -26.3588      18.8601
      279.000      19.3935     -26.0857      18.8600
      280.000      19.2569     -25.9491      18.9466
      281.000      18.9838     -25.9491      18.8600
      282.000      18.8472     -25.9491      18.5140
      283.000      18.7106     -25.9491      18.2545
      284.000      18.4375     -25.8125      18.1679
      285.000      18.1643     -25.4028      18.3410
      286.000      17.8912     -24.9931      18.5140
      287.000      17.7546     -24.7199      18.3410
      288.000      17.6180     -24.4468      17.9949
      289.000      17.3449     -24.1736      17.8219
      290.000      17.0717     -23.9005      17.8219
      291.000      16.7986     -23.6273      17.8219
      292.000      16.7986     -23.3542      17.9084
      293.000      17.0717     -22.9445      17.9084
      294.000      17.0717     -22.3982      17.6489
      295.000      16.7986     -21.9884      17.3028
      296.000      16.6620     -21.7153      17.1298
      297.000      16.6620     -21.4421      17.2163
      298.000      16.5254     -21.1690      17.3028
      299.000      16.2523     -20.8958      17.3028
      300.000      16.1157     -20.4861      17.1298
      301.000      16.1157     -20.0764      16.7837
      302.000      16.1157     -19.8033      16.5242
      303.000      15.9791     -19.5301      16.4377
      304.000      15.7060     -19.2570      16.6107
      305.000      15.5694     -18.9838      16.7837
      306.000      15.5694     -18.7107      16.6107
      307.000      15.4329     -18.4375      16.2646
      308.000      15.1597     -18.3009      16.0051
      309.000      15.0231     -18.1644      15.9186
      310.000      14.8866     -17.8912      16.0051
      311.000      14.6134     -17.6181      16.0916
      312.000      14.3403     -17.3449      15.9186
      313.000      14.0671     -17.2083      15.5725
      314.000      13.9305     -17.0718      15.3130
      315.000      13.9305     -16.7986      15.3130
      316.000      13.7940     -16.6620      15.4860
      317.000      13.5208     -16.6620      15.5725
      318.000      13.3842     -16.5255      15.3995
      319.000      13.3842     -16.2523      15.0534
      320.000      13.3842     -16.1158      14.8804
      321.000      13.3842     -15.9792      14.8804
      322.000      13.3842     -15.7060      14.8804
      323.000      13.2477     -15.5695      14.9669
      324.000      12.9745     -15.5695      14.9669
      325.000      12.8379     -15.4329      14.7074
      326.000      12.8379     -15.1597      14.5344
      327.000      12.8379     -15.0232      14.5344
      328.000      12.7014     -15.0232      14.5344
      329.000      12.4282     -14.8866      14.5344
      330.000      12.2917     -14.6134      14.4478
      331.000      12.2917     -14.4769      14.1883
      332.000      12.2917     -14.3403      13.9288
      333.000      12.1551     -14.0671      13.8422
      334.000      11.8819     -13.9306      13.8422
      335.000      11.7454     -13.7940      13.9288
      336.000      11.7454     -13.5208      14.0153
      337.000      11.6088     -13.3843      13.8422
      338.000      11.3356     -13.2477      13.5827
      339.000      11.1991     -12.9745      13.4962
      340.000      11.1991     -12.7014      13.4962
      341.000      11.0625     -12.2917      13.5827
      342.000      10.7893     -11.8820      13.6692
      343.000      10.6528     -11.7454      13.4962
      344.000      10.5162     -11.6088      13.1501
      345.000      10.2430     -11.1991      12.8906
      346.000      10.1065     -10.7894      12.7176
      347.000      10.1065     -10.6528      12.6310
      348.000      10.1065     -10.5162      12.6310
      349.000      9.96990     -10.2431      12.4580
      350.000      9.69675     -10.1065      12.1985
      351.000      9.56018     -9.96992      12.0254
      352.000      9.56018     -9.69677      11.8524
      353.000      9.56018     -9.56020      11.8524
      354.000      9.56018     -9.42362      12.0254
      355.000      9.56018     -9.15047      12.0254
      356.000      9.56018     -9.01390      11.6794
      357.000      9.83333     -8.87733      11.3333
      358.000      10.3796     -8.46761      11.2468
      359.000      10.6528     -8.05788      11.2468
      360.000      10.6528     -7.92131      11.2468
      361.000      10.6528     -7.92131      11.2468
      362.000      10.7893     -7.92131      11.3333
      363.000      11.0625     -7.92131      11.3333
      364.000      11.1991     -7.92131      11.1603
      365.000      11.1991     -7.92131      11.1603
      366.000      11.1991     -7.92131      11.2468
      367.000      11.1991     -7.92131      11.0738
      368.000      11.1991     -7.92131      10.7277
      369.000      11.0625     -7.78474      10.4682
      370.000      10.7893     -7.37501      10.3817
      371.000      10.6528     -6.96529      10.3817
      372.000      10.5162     -6.82871      10.2952
      373.000      10.2430     -6.69214      9.94911
      374.000      9.96990     -6.28242      9.51654
      375.000      9.69675     -5.87270      9.34351
      376.000      9.42360     -5.59955      9.17048
      377.000      9.15045     -5.18983      8.65140
      378.000      9.01387     -4.78011      8.21883
      379.000      8.87730     -4.50696      8.04580
      380.000      8.60415     -4.09724      7.61323
      381.000      8.33100     -3.55094      7.09415
      382.000      7.92128     -3.00464      6.74809
      383.000      7.51156     -2.45834      6.22901
      384.000      7.23841     -1.91205      5.70992
      385.000      6.96526     -1.50233      5.45038
      386.000      6.69211     -1.09261      5.19084
      387.000      6.28239    -0.409735      4.67176
      388.000      5.73610     0.409709      3.89313
      389.000      4.84837      1.57059      2.50890
      390.000      3.27778      3.27778     0.000000
"swimbladder chamber 1"
         127
      103.000      3.65306      3.65306     0.000000
      104.000      5.68300    0.0209885      9.73537
      105.000      6.84895     -2.46191      14.7152
      106.000      7.31030     -3.92983      17.0033
      107.000      7.77165     -5.10418      19.5156
      108.000      8.19106     -6.27852      22.3869
      109.000      8.31688     -7.15928      24.4506
      110.000      8.48464     -7.74645      26.0208
      111.000      8.94599     -8.45944      27.9499
      112.000      9.36540     -9.17243      29.6547
      113.000      9.65898     -9.75960      31.1801
      114.000      9.99451     -10.3468      32.6157
      115.000      10.1623     -10.9339      33.3784
      116.000      10.1623     -11.3534      33.5579
      117.000      10.3300     -11.6469      33.5130
      118.000      10.6656     -11.9825      33.6027
      119.000      10.8333     -12.2761      34.0514
      120.000      10.8333     -12.5277      34.5000
      121.000      10.8333     -12.6535      34.3205
      122.000      10.8333     -12.6535      33.7373
      123.000      10.8333     -12.6535      33.3335
      124.000      10.6656     -12.6535      33.0644
      125.000      10.3300     -12.6535      32.7952
      126.000      10.1623     -12.6535      32.5260
      127.000      10.0364     -12.6535      31.9876
      128.000      9.78480     -12.6535      31.1352
      129.000      9.65898     -12.6535      30.3726
      130.000      9.49122     -12.6535      29.9239
      131.000      9.15569     -12.6535      29.7893
      132.000      8.86211     -12.6535      29.7893
      133.000      8.61046     -12.6535      29.7893
      134.000      8.35882     -12.6535      29.5202
      135.000      8.10717     -12.6535      28.6677
      136.000      7.98135     -12.6535      27.7705
      137.000      7.98135     -12.4858      27.4564
      138.000      7.98135     -12.1502      27.4564
      139.000      7.98135     -11.9825      27.0527
      140.000      7.81359     -11.9825      26.2451
      141.000      7.47806     -11.9825      25.7068
      142.000      7.31030     -11.8566      25.2581
      143.000      7.31030     -11.6050      24.6300
      144.000      7.31030     -11.4372      24.3160
      145.000      7.18448     -11.2275      24.0468
      146.000      6.93283     -10.9339      23.3739
      147.000      6.80701     -10.6404      22.8355
      148.000      6.80701     -10.3048      22.5215
      149.000      6.80701     -10.1371      22.2971
      150.000      6.63925     -10.1371      22.4317
      151.000      6.30372     -10.1371      22.4766
      152.000      6.17790     -10.0112      21.8934
      153.000      6.26178     -9.75960      21.3101
      154.000      6.30372     -9.63378      21.1755
      155.000      6.13596     -9.63378      21.1755
      156.000      5.80043     -9.63378      21.0410
      157.000      5.63267     -9.63378      20.7718
      158.000      5.50684     -9.63378      20.6372
      159.000      5.25520     -9.75960      20.6372
      160.000      4.96161     -10.0112      20.6372
      161.000      4.62609     -10.1371      20.6372
      162.000      4.45832     -10.3048      20.6372
      163.000      4.33250     -10.6404      20.6372
      164.000      4.08086     -10.7662      20.6372
      165.000      3.95504     -10.8501      20.6372
      166.000      3.78727     -11.1437      20.6372
      167.000      3.45175     -11.3114      20.7718
      168.000      3.28398     -11.4372      21.2204
      169.000      3.28398     -11.6889      21.7139
      170.000      3.15816     -11.8147      21.7588
      171.000      2.90651     -11.9825      21.3101
      172.000      2.78069     -12.3180      20.8166
      173.000      2.78069     -12.4858      20.6372
      174.000      2.65487     -12.4858      20.7718
      175.000      2.40323     -12.4858      21.0410
      176.000      2.27740     -12.4858      20.9064
      177.000      2.27740     -12.4858      20.3680
      178.000      2.27740     -12.4858      20.0988
      179.000      2.27740     -12.4858      19.9642
      180.000      2.27740     -12.4858      19.8296
      181.000      2.10964     -12.3180      19.9642
      182.000      1.77411     -11.9825      19.7848
      183.000      1.60635     -11.8147      19.2016
      184.000      1.60635     -11.8147      18.9772
      185.000      1.48053     -11.8147      19.0221
      186.000      1.22888     -11.8147      18.8875
      187.000      1.10306     -11.8147      18.7529
      188.000      1.10306     -11.8147      18.5735
      189.000     0.977238     -11.6469      18.0800
      190.000     0.725593     -11.3114      17.7659
      191.000     0.599771     -11.1437      17.6313
      192.000     0.432008     -11.1437      17.2276
      193.000    0.0964825     -11.1437      16.9584
      194.000   -0.0712802     -11.1437      17.0930
      195.000    -0.197103     -11.1437      16.9584
      196.000    -0.448748     -11.1437      16.1060
      197.000    -0.742334     -11.1437      15.4779
      198.000     -1.07786     -11.1437      15.4330
      199.000     -1.37145     -11.1437      15.1638
      200.000     -1.79085     -11.1437      14.8947
      201.000     -2.25220     -11.1437      14.6255
      202.000     -2.41996     -11.3114      14.2217
      203.000     -2.54579     -11.6050      14.2217
      204.000     -2.96520     -11.8566      14.0423
      205.000     -3.42654     -12.1502      13.1450
      206.000     -3.59431     -12.4438      11.9785
      207.000     -3.72013     -12.6955      11.0813
      208.000     -3.97177     -12.9890      10.7672
      209.000     -4.22342     -13.3246      10.4980
      210.000     -4.64283     -13.6182      9.95969
      211.000     -5.23000     -13.8698      9.69051
      212.000     -5.81717     -13.9956      9.55592
      213.000     -6.40434     -14.1634      9.15215
      214.000     -6.99151     -14.4989      8.74837
      215.000     -7.57868     -14.6667      8.34460
      216.000     -8.16585     -14.6667      7.80624
      217.000     -8.75302     -14.6667      7.53706
      218.000     -9.34020     -14.6667      7.35761
      219.000     -9.80154     -14.6667      6.72952
      220.000     -10.0951     -14.6667      6.01170
      221.000     -10.3468     -14.6667      5.74252
      222.000     -10.6404     -14.6247      5.60793
      223.000     -10.9759     -14.5409      5.47334
      224.000     -11.2695     -14.4989      5.29389
      225.000     -11.6469     -14.4989      4.66580
      226.000     -12.0244     -14.4989      3.94798
      227.000     -12.1502     -14.4989      3.27503
      228.000     -12.1502     -14.3731      2.46749
      229.000     -12.3809     -13.8908      1.48049
      230.000     -13.0729     -13.0729     0.000000
"Eric, Eric xray"